-1.322567275545821381e+10 1.334498857304551888e+10 -3.077866076347838593e+10 3.273112511473936844e+10 1.236034923622130966e+10 -9.164036511403060913e+09 -7.798056755675167847e+10 7.545456256293814087e+10 -3.555970214491462708e+10 4.145012968543155670e+10
-1.303830266758923292e+09 1.318944097504786730e+09 -3.018916605252637863e+09 3.225656178476544857e+09 1.219684639617998600e+09 -9.117668054172595739e+08 -7.693941016148324966e+09 7.451247709618077278e+09 -3.479984254033343315e+09 4.093147270641811848e+09
-1.989924627795706987e+09 2.467569711122978210e+09 -4.570744574981434822e+09 5.747912178985753059e+09 1.859888439507246256e+09 -1.770541172787606478e+09 -1.164934402057244682e+10 1.311920767010914040e+10 -5.374325476890130043e+09 8.266105945761688232e+09
-1.887152720193252563e+08 2.335285330573655367e+08 -4.287598318784065247e+08 5.424042065183702707e+08 1.769086252248997092e+08 -1.653533562411703765e+08 -1.103447054172676563e+09 1.226228052587988853e+09 -5.056346356976315975e+08 7.979277301188817024e+08
-1.099029739832765460e+08 1.382818008819483519e+08 -3.228535177957774401e+08 1.504823470150555372e+08 6.676111634241218865e+07 -1.537377892796344161e+08 -5.903312111363379955e+08 9.823784568348071575e+08 -4.398819309993066788e+08 -2.291318710384789109e+07
2.357860814082682133e+06 -3.887393331712365150e+06 3.475892910416126251e+05 -2.778778694480186701e+07 -6.404016505960047245e+06 1.990380960156574845e+06 2.522125940351819992e+07 -2.145565865912055969e+07 -1.262582059131884575e+07 -3.444866867966932058e+07
2.242286037499002457e+09 -2.292851113714067459e+09 5.193650847126683235e+09 -5.667280323722134590e+09 -2.101044589274870872e+09 1.580575450825757027e+09 1.321818668328935814e+10 -1.283683582014792442e+10 6.002754875859737396e+09 -7.321680946085977554e+09
2.212209964230212271e+08 -2.268962045537478328e+08 5.097234818689737320e+08 -5.592183407348418236e+08 -2.075903656260296106e+08 1.577008602195910513e+08 1.305545463112793446e+09 -1.269912129754069090e+09 5.873661553316447735e+08 -7.231583607079267502e+08
1.795203757440858364e+09 -2.046979065720840216e+09 4.158180151856746674e+09 -4.826603322759771347e+09 -1.675969656222129345e+09 1.439835220917518139e+09 1.054278715110288429e+10 -1.118794197274134636e+10 4.851501743081846237e+09 -6.572868586989353180e+09
1.763210154168360233e+08 -2.018748241980101168e+08 4.057057643747366071e+08 -4.741800083655390143e+08 -1.648967630978533626e+08 1.425772154882423282e+08 1.035993891102258205e+09 -1.101138994992330551e+09 4.727144596384729743e+08 -6.486250667520563602e+08
