1.000000000000000000e+00 2.516639628275544882e-01 6.333709885677851759e-01 9.520922927058787788e-02 -1.302659491785620460e-01 -5.357015810453319427e-01 -4.670855755837708401e-01 -9.245247961645254586e-02 2.264375854315626158e-01 3.687233299316778484e-02
2.516639628275544882e-01 1.000000000000000000e+00 9.729511963416727360e-02 6.586032575953838786e-02 1.799842739477221787e-01 -1.511921928360900926e-02 8.999723279599065873e-02 5.412998875895892459e-01 4.181270733154666269e-02 -2.998345351677143486e-02
6.333709885677851759e-01 9.729511963416727360e-02 1.000000000000000000e+00 3.951026284967745772e-01 3.869270774769915239e-02 -5.604355354370039732e-01 -3.047583673301970664e-01 -1.241716496992772423e-01 3.888826160255540731e-01 2.207271133296949753e-02
9.520922927058787788e-02 6.586032575953838786e-02 3.951026284967745772e-01 1.000000000000000000e+00 3.135735607679536185e-01 -2.102049583738433980e-01 -3.953733851249033315e-02 -2.132288903492245424e-01 7.162984992590903932e-01 2.607701489444156674e-03
-1.302659491785620460e-01 1.799842739477221787e-01 3.869270774769915239e-02 3.135735607679536185e-01 1.000000000000000000e+00 2.839795583160627523e-01 2.921617218543327010e-01 -1.975196208562296218e-01 2.976657337627084399e-01 5.449054886003745768e-02
-5.357015810453319427e-01 -1.511921928360900926e-02 -5.604355354370039732e-01 -2.102049583738433980e-01 2.839795583160627523e-01 1.000000000000000000e+00 3.700227510232236283e-01 4.413050464650655064e-02 -3.494894562610711408e-01 -5.133430462813162731e-02
-4.670855755837708401e-01 8.999723279599065873e-02 -3.047583673301970664e-01 -3.953733851249033315e-02 2.921617218543327010e-01 3.700227510232236283e-01 1.000000000000000000e+00 9.317707475448742949e-02 -9.774878191008064265e-02 -3.922773710921812623e-02
-9.245247961645254586e-02 5.412998875895892459e-01 -1.241716496992772423e-01 -2.132288903492245424e-01 -1.975196208562296218e-01 4.413050464650655064e-02 9.317707475448742949e-02 1.000000000000000000e+00 -2.453483262919938235e-01 2.607396400853227367e-02
2.264375854315626158e-01 4.181270733154666269e-02 3.888826160255540731e-01 7.162984992590903932e-01 2.976657337627084399e-01 -3.494894562610711408e-01 -9.774878191008064265e-02 -2.453483262919938235e-01 1.000000000000000000e+00 3.656965103487318236e-02
3.687233299316778484e-02 -2.998345351677143486e-02 2.207271133296949753e-02 2.607701489444156674e-03 5.449054886003745768e-02 -5.133430462813162731e-02 -3.922773710921812623e-02 2.607396400853227367e-02 3.656965103487318236e-02 1.000000000000000000e+00
