8.731834215515573305e+01 3.607668713456860132e+00 2.061356117181753689e+01 2.145702272768048715e+02 1.979377050290654552e+02 -8.974731975086638158e+01 3.921890332234761445e+01 1.292940310872472764e+02 -8.139718208711428815e+01 4.036108148833445739e+02
3.642469641853613211e+02 -1.238781734762187170e+03 -9.775808648343318055e+02 8.489189874614930886e+02 -7.916198031689596064e+02 2.914673771635207231e+02 1.156201777568221587e+02 -3.255704461170626018e+02 6.213337389705245641e+02 -1.490252589597715087e+03
1.954580466277216146e+02 -5.671390305403447201e+02 -4.370383119682833239e+02 4.845503581138564186e+02 -1.960943956268429247e+02 1.072505416905733000e+01 4.699438813237611612e+01 -7.491318667404357257e+01 1.788757299653768769e+02 -3.351933411279551365e+02
1.157256841260124929e+03 1.041521315482351929e+04 8.835222355755977333e+03 1.591971891511930153e+03 9.926375774170272052e+03 -1.180407023750012740e+03 2.089417079257545993e+03 6.845229864697437733e+03 -4.442490944086574018e+03 1.861097238956764340e+04
1.976621537399478257e+02 -2.869767890744676606e+02 -2.087481842053175569e+02 4.540176236208826595e+02 -2.335036565269319908e+01 3.714373460018168771e+01 9.479260415330008982e+01 6.051052081504894886e+01 1.125670129816808185e+02 -2.619791866088507959e+01
-1.728424763876464567e+02 -3.255458278385246558e+03 -2.727134606733011424e+03 -1.926427583252097975e+01 -2.669352676510518450e+03 1.677763336279244868e+02 -5.751372519773185559e+02 -1.853159548074374015e+03 1.216187774351340067e+03 -4.922744754945650129e+03
2.198628213471611161e+02 -2.325621170409584010e+03 -1.899840212862293811e+03 6.801688227587601432e+02 -1.697486934022138939e+03 2.744485226319702633e+02 -1.503195771459013486e+02 -1.009303772444525748e+03 9.740986813175022689e+02 -3.144177136914000585e+03
1.746998347499697957e+02 -1.448800017073358504e+02 -8.791548980412562742e+01 4.140402032877000238e+02 1.728921049092828071e+02 -7.482017847562565294e+01 7.895494544678513194e+01 1.429656203420340717e+02 -2.823157497992247045e+01 3.623807452147375443e+02
-4.261564599030534737e+02 -4.819212424020282924e+03 -4.060191621704027057e+03 -4.137572967048035935e+02 -4.164245069054421037e+03 2.669633665440487675e+02 -9.579812345483805984e+02 -2.941572939078323543e+03 1.822170339790638536e+03 -7.710553079401142895e+03
-3.998076741299591959e+02 -4.407034722312353551e+03 -3.714278560195118189e+03 -3.955097781968652271e+02 -3.805408748805057257e+03 2.316550018166890368e+02 -8.862190480430144817e+02 -2.695304967415053397e+03 1.657774562811013311e+03 -7.041590522895567119e+03
1.636215213482869331e+02 4.057237878784462737e+01 6.598775306112202088e+01 3.866972986047512677e+02 3.606597859461785447e+02 -1.375714312242207598e+02 8.647288276946210317e+01 2.458198197475603592e+02 -1.400614250693959093e+02 7.240156023104200358e+02
4.387802952378315240e+02 -1.219631042560538845e+03 -9.542503260298908572e+02 1.022630559371522395e+03 -6.870282713172289277e+02 2.862654653201034307e+02 1.593636488172878671e+02 -2.219024367891715883e+02 6.169554301864316130e+02 -1.272544791685722430e+03
2.821430036568935975e+02 -2.455479585338748620e+02 -1.612308690420686617e+02 6.281642357886512400e+02 9.037388623324159198e+01 4.516926468780275172e+01 1.592397410081703129e+02 1.688521275507300743e+02 9.943989353851509350e+01 1.882190565098735533e+02
1.223370941993116503e+02 3.024574809706791712e+01 4.965970329726496857e+01 2.865737447498704569e+02 2.658088103625232179e+02 -9.971040061215308015e+01 6.622276732651471320e+01 1.811995070565553760e+02 -1.034368673993712946e+02 5.312687443376617011e+02
2.018436664271048357e+02 -3.255457592008724532e+02 -2.340944012022828247e+02 4.941213801959484044e+02 6.606780426339673795e+01 -6.566589000842850510e+01 7.077501557867617521e+01 8.118296230878422648e+01 3.768408396384575099e+01 1.707770429808897461e+02
2.266009431713041522e+02 3.005701264505860308e+02 2.898285693854068086e+02 5.037026593208829581e+02 6.381972764209344859e+02 -1.589970099059996755e+02 1.579670923764365398e+02 4.571043046568192949e+02 -2.396246274656487003e+02 1.254125674036388318e+03
4.481494303102072081e+02 -2.008918418537160505e+03 -1.611494498394702987e+03 1.094566503188765637e+03 -1.395945697545886105e+03 4.347095840635447530e+02 8.029491784467381876e+01 -6.587495464052140051e+02 9.934553570225264139e+02 -2.615568055826145155e+03
2.129932691436574714e+02 -1.119956540219072849e+02 -5.580565839732616951e+01 4.919674345612820616e+02 2.280383763925774474e+02 -6.496221316237370047e+01 1.100980688716144869e+02 1.990411760442243576e+02 -3.136910878353023691e+01 4.670295154991417803e+02
9.867195157029345864e+01 -4.392247301298193634e+02 -3.420776550873706583e+02 2.924799396501366573e+02 -9.296407408599043265e+01 -9.836473324668622809e+01 -2.103420950863801409e+01 -7.642819088129908778e+01 5.310414112661965191e+01 -1.224797988914651796e+02
-2.977467272701906040e+02 -3.686606492222752422e+03 -3.102990730402059853e+03 -2.605882025731843896e+02 -3.175617208140436560e+03 2.243237267817021348e+02 -7.078958049707580358e+02 -2.228131591944489628e+03 1.406595908860210329e+03 -5.886538557074964046e+03
1.277377233918164166e+02 -1.275609068381345423e+01 1.395686471943054130e+01 3.072718018991254212e+02 2.449869735642037085e+02 -1.021476263258000472e+02 6.189845445850369288e+01 1.686597821135933373e+02 -9.026296843919124058e+01 4.973546543089923944e+02
4.380948545227297473e+02 -1.224084053271432140e+03 -9.613126633845872675e+02 9.918059383213740148e+02 -7.905829601727655245e+02 3.769575919102021544e+02 1.823744468315644554e+02 -2.631138019668642301e+02 6.875189446265890183e+02 -1.501589216559043962e+03
1.777854752091679984e+02 -2.059891199116245843e+02 -1.381622769054897617e+02 4.334155177137654391e+02 1.447791851372780911e+02 -8.501675989056184335e+01 6.773207985825592914e+01 1.222092478846047925e+02 -1.443008099766075247e+01 3.189488420296511322e+02
9.738626198943347845e+01 -2.738032581062270765e+01 3.509103881874580111e-01 2.830311945729399667e+02 3.290550672619301622e+02 -2.176630464665131512e+02 1.090440560105935219e+01 1.762920467697113054e+02 -1.736922710467081288e+02 6.947973521280759996e+02
1.708773902567922960e+02 -3.039422964483396754e+02 -2.254472700556939344e+02 4.086222875768135054e+02 -2.515738465944878044e+01 1.031691430368482543e+00 6.752317785994000587e+01 3.562232237561875081e+01 8.893668636629183766e+01 -2.160848877008720592e+01
9.927288761493036873e+01 -1.280566063316851796e+03 -1.048319275910765100e+03 3.499619622852078464e+02 -8.855775314235456790e+02 8.591017782358903787e+01 -1.096693248616957135e+02 -5.552215174003163156e+02 4.825143910481485818e+02 -1.623493234551620390e+03
7.827924566375859285e+02 -3.436574177215474265e+03 -2.764786966194626530e+03 1.816163043021882913e+03 -2.690298353598289850e+03 1.033736718850447915e+03 2.136758843786087709e+02 -1.220927455515331530e+03 1.933823954308059456e+03 -5.131702109021109209e+03
7.210535142468688719e+01 -1.822738889984204889e+02 -1.344212672459489113e+02 2.362324633707075918e+02 1.406491250934780055e+02 -1.707990505582883998e+02 -2.171651488706356758e+01 5.816376907335688884e+01 -7.935204978518459029e+01 3.371863774771609314e+02
3.364786030856521393e+00 -6.678755896929089886e+01 -4.900896807034564517e+01 8.527538186658239283e+01 1.832260940830328764e+02 -2.042859263749833190e+02 -5.749032741063456342e+01 5.421131261895152420e+01 -1.392716257493548255e+02 4.181705399157385727e+02
-4.734344483612221666e+02 -5.644080576811917126e+03 -4.751889988933689892e+03 -4.414870749830733985e+02 -4.886545225636102259e+03 3.468566805394366384e+02 -1.095838278366369195e+03 -3.432136635978240520e+03 2.158233715962152928e+03 -9.059729581603780389e+03
-1.654619277279016387e+01 -3.128429886029152840e+01 -2.552650118176370597e+01 6.367209573068066675e-01 6.587266817748241010e+01 -9.613206782039242171e+01 -4.002041835627710498e+01 6.552565045760275098e+00 -6.325742261702907854e+01 1.588695814337806951e+02
6.050178434079907674e+02 -1.739182741134267872e+03 -1.364007158386148603e+03 1.367031292937037506e+03 -1.124994179866157538e+03 5.169300332977368271e+02 2.456565602486152784e+02 -3.917430742505612216e+02 9.583666356484252447e+02 -2.138297559555750922e+03
2.428508825864983010e+02 -6.199135165978373152e+02 -4.771856077125826232e+02 5.820279062688441627e+02 -2.382539132555384640e+02 6.418111853048685589e+01 8.119061843077724916e+01 -6.686079076951500610e+01 2.387957656823564321e+02 -4.219680272036766837e+02
1.313588480506778069e+02 8.380406369473803352e+00 3.362072432008335454e+01 2.967215860806463752e+02 2.304518966412265399e+02 -7.377230529342728005e+01 7.486505207214304392e+01 1.684685481219780741e+02 -7.663788001126931704e+01 4.572738305832053811e+02
1.108142286745141973e+02 -3.138606932764423618e+02 -2.408961145779089748e+02 2.885385058875094728e+02 -6.296769550015233108e+01 -3.222703821848904226e+01 1.743965782777286222e+01 -2.146930214956637428e+01 7.029608646697977292e+01 -8.440794392744101060e+01
1.436636283692914731e+02 -3.389739357155681319e+02 -2.526165484271964488e+02 3.930198273969408547e+02 6.439728426542251327e+01 -1.309027753125665186e+02 1.296789721871846268e+01 3.951349043296886521e+01 -3.713691073385916752e+00 1.891768346646481405e+02
8.716278899311382702e+02 -3.437471389579959578e+03 -2.748814307820727208e+03 2.023342703191940018e+03 -2.535258534091533875e+03 9.810446209240999451e+02 2.588623049409243322e+02 -1.104153302149843512e+03 1.887206230884756451e+03 -4.815444885026519842e+03
1.922421789119798632e+02 -3.444562391280453539e+02 -2.569408403678994546e+02 4.463203793762822897e+02 -7.677508075822470346e+01 4.314613881502918957e+01 8.441802759989786864e+01 2.298751563285350130e+01 1.356663566369364844e+02 -1.273438563264571712e+02
1.058225827322644363e+02 -3.028280701951734954e+01 -3.534932519196445355e-01 2.913846808467296796e+02 3.108167670691400417e+02 -1.953283526694817738e+02 2.200661234257677279e+01 1.733541236309483793e+02 -1.567651314237018596e+02 6.520558991431425966e+02
-3.625675519994110800e+02 -4.071522123123053461e+03 -3.431517812472768128e+03 -3.448558094446198083e+02 -3.498182580557186157e+03 2.060380424824543297e+02 -8.159563151644542813e+02 -2.478317971738521010e+03 1.525099390311166644e+03 -6.468988176901824772e+03
2.220028855731743533e+01 1.019080647066111851e+02 9.436227821940337890e+01 1.111513577880000412e+02 3.454514382793786353e+02 -2.247692163714673370e+02 -2.378774828114455886e+01 1.653954931946936995e+02 -2.125613990206784365e+02 7.224605660057859495e+02
5.827679398296277213e+02 -4.135942960244910864e+02 -2.676183293062263147e+02 1.210491702332705245e+03 -3.649861027812130487e+01 3.565086921953920864e+02 3.982014652891548394e+02 3.002969871354821407e+02 3.949573199822802962e+02 -1.079465523196504364e+02
9.147950450238624853e+01 -7.417110823779953535e+02 -6.016964093219872893e+02 2.421105117908882676e+02 -5.708516134660067110e+02 1.337789904273899992e+02 -2.284136893785580469e+01 -3.196312103543763214e+02 3.451411936655306931e+02 -1.073453706723399591e+03
4.568129416052897795e+01 2.622288577449808145e+00 1.528991809925355483e+01 1.673378471950163657e+02 2.785866260293064443e+02 -2.040546083172007457e+02 -1.848207868206827698e+01 1.336537552331833467e+02 -1.650964970274317238e+02 5.962515287600203919e+02
1.624786071312710192e+02 -2.951329958566307141e+02 -2.130500044551263272e+02 4.173743731439753901e+02 8.987323669341367349e+01 -1.077920846105052988e+02 3.937794729257802828e+01 6.952768638689849467e+01 -3.574191817431028539e+00 2.249100336512237845e+02
1.458729562435087246e+02 -1.354876302844195834e+03 -1.100226315435758352e+03 4.546067290499540832e+02 -8.880304682872883859e+02 8.574209249368232122e+01 -9.043438650215193775e+01 -5.432993394992381582e+02 5.030750619867455953e+02 -1.622082990575635449e+03
3.277358393786416855e+02 -1.421106479509562632e+02 -6.506554558776861086e+01 7.278490776985445336e+02 2.734421010494388611e+02 -1.003226963771066949e+01 1.924469816891646587e+02 2.892823378491257245e+02 1.757955535820951809e+01 5.474271536466640100e+02
8.961696616140943661e+01 -3.306783841638562080e+02 -2.556027392804699048e+02 2.787108508310084289e+02 1.154611582428037764e+01 -1.309880431108117591e+02 -2.203514379945454493e+01 -1.314507427351190927e+01 -1.837194013595990327e+00 8.731598868165292515e+01
1.430534436919260770e+02 9.881149625821271911e+02 8.505018590580439195e+02 2.967977123790624319e+02 1.226310257816570811e+03 -3.358056486313726055e+02 1.675336755539028673e+02 7.746880156688857824e+02 -6.021913080294616520e+02 2.376835992227308452e+03
2.286543719756082282e+01 -7.713758828741993057e+01 -5.623694570931183989e+01 1.147501018411981022e+02 1.502011732544269762e+02 -1.610431658048314603e+02 -3.434666312761055451e+01 5.191012624397262698e+01 -1.045317289103677467e+02 3.410196649303252343e+02
