-3.242644744128549725e-06 1.735916205673547041e-06 1.436663457434733779e-06 -3.487897204660084848e-06 2.026895163973022355e-05
-1.900665866106998137e-05 2.016959225018363127e-05 6.622455682188710976e-06 -6.004393353661635797e-05 2.355877970929458939e-04
-8.411162059077974197e-06 6.660097920085418250e-06 3.313576396148469052e-06 -1.896278290188862191e-05 7.947553079465136290e-05
-1.560540487401328679e-05 2.457489409594048550e-06 7.565054665965533680e-06 -9.367468846431811845e-06 5.681183561688648524e-05
-3.268475716141229070e-05 1.390692565080703380e-05 1.464601437861686307e-05 -4.087462083563446350e-05 1.957052251348127131e-04
-2.258398598601254613e-05 9.793348827600667581e-06 1.006859544523431042e-05 -2.944722374895311287e-05 1.386886533818231307e-04
-2.803191982205871990e-05 2.359883519184797270e-05 1.062979884607740495e-05 -7.299178842852443246e-05 2.924103171774493446e-04
-9.517796435287644388e-06 5.327584145904727762e-06 4.033667298571837640e-06 -1.665150223797269379e-05 7.205784042168693251e-05
-1.154260716701256879e-05 3.467677936089453737e-06 5.455435539015132836e-06 -6.819563698864760634e-06 4.987852225182300408e-05
5.539169458734500605e-09 9.621723660766014236e-07 -1.096266222501903300e-07 -2.489526529197058868e-06 9.105661534320334656e-06
