-4.539594927224583909e-01 -1.047870425251640758e-01 -5.601631415055462887e-02 6.608938225901977992e-02 5.828262795844336985e-02 -7.008647929405584232e-02 -1.398486871367135009e-01 -1.251006129259192856e-01 -1.332311504607688046e-01 4.123922463196152965e-02 -1.057355116874235529e-01 -6.003096788886529145e-02
1.244139661988672430e-01 1.571550410186027535e-01 -2.316733701063133644e-01 2.587148230272474647e-01 3.308463311790700301e-01 7.309814373315387526e-02 1.185661279718183136e-01 1.734941724661990536e-01 -2.356961966955754550e-01 -5.965173840219004098e-02 1.239567817893733187e-01 3.229656332701287547e-02
-2.089317334032160245e-01 -2.151067658169158459e-01 -4.303381483530748786e-01 -8.895396268286649699e-02 2.081194215079859022e-01 -2.838585384431183828e-02 -2.385780453151335745e-02 -2.342157379690541080e-02 3.040130693375592830e-01 3.877929213866799785e-01 8.062200438807048952e-02 2.498800991026781104e-01
-6.482991479031346982e-02 4.580076502331414945e-03 -5.524881279142178636e-01 1.375259596322139233e-01 2.921590685193184989e-01 -5.590391987425294418e-03 -1.719750915155416338e-01 7.669154356176227649e-02 1.587174132112807445e-01 4.334994512518603460e-01 3.799057416423788913e-01 3.773222139201098391e-01
2.901482100313568235e-02 -6.073374026959885152e-02 -6.891468982323976089e-01 1.264707774056640366e-01 3.303462893532770894e-01 -8.699194468856533136e-02 -9.011042908212374414e-02 -3.139399999346629416e-02 1.117416306208981192e-01 5.216891340194225180e-01 3.444423460380311441e-01 3.988964789834444913e-01
-1.214132423398186500e-01 -1.042575675170157035e-02 -8.105180760705414933e-01 1.810731899054002780e-01 3.166468910235736844e-01 -3.786629467274662403e-02 -1.617185599845276656e-01 1.139998707556775029e-03 2.230751957540945685e-01 5.236571429304632819e-01 3.434933958155952372e-01 4.266438065993622963e-01
3.730887602400069503e-02 5.159205598359500877e-03 -7.731810244564536472e-01 1.665695418466443811e-01 3.943223103732846901e-01 -2.821526891850537413e-02 -1.330280295836203386e-01 8.858496501834560444e-03 1.351226687909141688e-01 5.470254284274775891e-01 4.373742257865623762e-01 4.506329604165650315e-01
-5.530134217691316800e-02 -5.447346173156019516e-02 -8.362827132847545641e-01 7.933829478669583712e-02 3.439578394198746780e-01 -5.684897549362431107e-02 -1.443242010754350879e-01 -4.728184482904187330e-02 2.199864115013702159e-01 6.285318738455319965e-01 3.888141852170561852e-01 5.287645408973036254e-01
-4.026931371741850063e-03 -9.202834631184639291e-03 -8.130483566437045617e-01 1.270653371734446757e-01 3.789659908134533906e-01 -4.068447565745467176e-02 -1.546768994147238452e-01 -2.176475625392530755e-02 1.668143289640602878e-01 6.078944150732510376e-01 4.062657434076127339e-01 5.201913338045039970e-01
-1.453593466244827714e-02 -2.416408367325365014e-02 -8.417677735713634535e-01 9.793485734586350466e-02 3.657285686198631369e-01 -5.310690879310214774e-02 -1.444532061328841210e-01 -3.206704303263541167e-02 1.629806736319770188e-01 6.190659270736007525e-01 4.116709873993588120e-01 5.258211171496438574e-01
-1.302582382674490058e-02 -1.393587437008645541e-02 -8.224664294659428387e-01 1.016574660372080996e-01 3.859826699859902344e-01 -4.511212503830928922e-02 -1.475319314141433635e-01 -3.379280935865858204e-02 1.766609088336665301e-01 6.121083934896052181e-01 3.801593441428627318e-01 5.171598000531049122e-01
-1.745024672020679263e-02 -2.718243036538454255e-02 -8.526542219812175416e-01 9.308020247913503797e-02 3.819350735659429175e-01 -4.379625262515580292e-02 -1.519034347590631218e-01 -3.523054297540544749e-02 1.742123265857233594e-01 6.166050145305073116e-01 4.504100344741034934e-01 5.153233955646253639e-01
-1.743486551886638813e-02 -2.752061169672387342e-02 -8.501369797205732270e-01 9.631892979644003649e-02 3.743277273130836691e-01 -4.626618794181425881e-02 -1.461436183372092912e-01 -3.130666239271178569e-02 1.967706035618156379e-01 6.350087353813141933e-01 3.956121787871148543e-01 5.482485757494806045e-01
-1.143080955420359285e-02 -2.209597305595926986e-02 -8.453953873296907728e-01 9.757908045729218882e-02 3.875483316262902656e-01 -4.010819925105168354e-02 -1.629059897921947830e-01 -2.430753738518783361e-02 1.708846427088850373e-01 6.373634372341889787e-01 4.178569348496327662e-01 5.372513177432720610e-01
-1.551753264757149697e-03 -3.055745740101616092e-02 -8.606983243153945029e-01 9.505374647350983697e-02 3.926172155444710432e-01 -4.344333109882866917e-02 -1.481006980714455468e-01 -3.823675705766375194e-02 1.559718306947861788e-01 6.437727485403430538e-01 4.175335136092129806e-01 5.433429374452030114e-01
-1.754218913997602353e-02 -3.266053920645937969e-02 -8.666292176488872290e-01 9.633878258823105889e-02 3.877710312256571479e-01 -4.174906290398836678e-02 -1.523924776981470941e-01 -3.024056949548987322e-02 1.655744755430509085e-01 6.526349879934656428e-01 3.963409056073173842e-01 5.577689701759067642e-01
-6.620175321219279319e-03 -2.493645018151335185e-02 -8.619350782798791410e-01 1.019515958020984492e-01 4.005566601082855560e-01 -4.527109082986483651e-02 -1.530436850152594452e-01 -2.309801160740729969e-02 1.426859375113172512e-01 6.485548356194384967e-01 4.007313097032561555e-01 5.573234297391690406e-01
-1.539326009939556705e-02 -2.957308284186713210e-02 -8.732585820714451330e-01 1.022185802250533265e-01 4.048923345669201423e-01 -4.328241701407439801e-02 -1.465594015698489239e-01 -2.892618181992832882e-02 1.554854100067156741e-01 6.465605511293659458e-01 4.112187485360839778e-01 5.443543774018790860e-01
-2.458283258126608278e-02 -3.411070006687464545e-02 -8.765437884281500613e-01 9.658004723834867633e-02 3.957577614062958160e-01 -4.195804632681492119e-02 -1.482484495445167139e-01 -2.843079079036529150e-02 1.733590891782532117e-01 6.603868203931934078e-01 4.187307130268558830e-01 5.589462466186473355e-01
-1.757663122554621593e-02 -2.524488201144820670e-02 -8.618666677120836450e-01 9.745204752682222471e-02 4.005262031053752336e-01 -4.266860001565433297e-02 -1.452000303186481989e-01 -3.150126868808256209e-02 1.643954353762691889e-01 6.704011503024933649e-01 4.032719864654091269e-01 5.751329125118018748e-01
-1.649702855079262370e-02 -3.697199969137140302e-02 -8.613666593427444784e-01 8.345753815393677777e-02 4.047011145188295633e-01 -4.720510923893971034e-02 -1.364389587320887776e-01 -4.530616336224329438e-02 1.575044208518178446e-01 6.709976628736800119e-01 4.055940599428196069e-01 5.709912812552190298e-01
-3.303932122758406614e-02 -3.085184091569920933e-02 -8.655327568908876001e-01 8.382884993568898158e-02 4.008435904903200342e-01 -4.546556418139173494e-02 -1.430383978192592553e-01 -3.391297954766062800e-02 1.720989627789934473e-01 6.723157957749774649e-01 4.018544659692139809e-01 5.761214443738378321e-01
-1.925544884378248278e-02 -3.492300559485248673e-02 -8.654743422758198745e-01 8.972389709492205323e-02 4.110950181449020135e-01 -4.318956247967492557e-02 -1.358453328821064565e-01 -4.158190734701587565e-02 1.653576299767413882e-01 6.727829610988556031e-01 4.123732604691038861e-01 5.711695620392014394e-01
-3.555009548932652752e-02 -3.876968436885666613e-02 -8.739659237894561450e-01 7.904002935398340979e-02 4.033868117544685550e-01 -4.384261974499632786e-02 -1.444041126409104370e-01 -3.557491966351424006e-02 1.787969345083113559e-01 6.860943686196893099e-01 4.093441642450926787e-01 5.889312175762895230e-01
-1.658582755827681804e-02 -3.908983392568027293e-02 -8.722513221501193570e-01 8.940961963989962902e-02 4.153643814196559814e-01 -4.271586513913668698e-02 -1.375099725655778427e-01 -3.651247001326561603e-02 1.627414422017260109e-01 6.852221475216909718e-01 4.096812742048485667e-01 5.899215986347231544e-01
-3.181805218498608839e-02 -4.565726699830395530e-02 -8.847729718103524155e-01 8.160616360477157549e-02 4.055472490608539315e-01 -4.388991689722309547e-02 -1.472399839188665849e-01 -2.988137836674774686e-02 1.730091493555840076e-01 6.950286863907191304e-01 4.072842923763935197e-01 5.969726712729274132e-01
-1.539773072395494991e-02 -3.546587497235163117e-02 -8.767075287345488244e-01 9.881082111837227733e-02 4.173033013797443069e-01 -4.111268565448154833e-02 -1.491166129828682685e-01 -3.114842700114617974e-02 1.509637017927765723e-01 6.949676718493793537e-01 4.071593338142825425e-01 5.928747971496377556e-01
-2.117094654227769795e-02 -3.880638088021587384e-02 -8.916751631984125570e-01 8.827736583021222883e-02 4.078103907171891640e-01 -4.997617782017940713e-02 -1.367999418508262233e-01 -3.945904330131771998e-02 1.417382952372390204e-01 6.948137044519711036e-01 4.074263474478933000e-01 5.956598821566084778e-01
-2.649172741715768997e-02 -2.656862738880878816e-02 -8.718761818214377790e-01 9.206632011627345624e-02 4.261118875394462879e-01 -4.596303886483016354e-02 -1.386782534889994534e-01 -3.243996197137236082e-02 1.585330114404515656e-01 6.796304034711972974e-01 3.753199583402910822e-01 5.921905044896982329e-01
-2.989559819583374745e-02 -4.179084997511270383e-02 -8.970977168722676920e-01 7.794418234226965780e-02 4.214250808548491989e-01 -4.389984934225009405e-02 -1.432521633500251634e-01 -3.449848621602536608e-02 1.725519144359184964e-01 6.770673072146153881e-01 4.565647590143359080e-01 5.700140228907994988e-01
-3.382525695829504547e-02 -3.853914716510125488e-02 -8.921602548516256448e-01 8.539471529984379861e-02 4.090457158727784925e-01 -4.432777636909242952e-02 -1.477794059532557824e-01 -3.105927995059029265e-02 2.094806432278804309e-01 7.032791929427887334e-01 4.183165572072877758e-01 6.055759233452575607e-01
-1.813976669348447979e-02 -4.469600966251018742e-02 -8.933054054867023419e-01 9.212303355311246555e-02 4.109923122659424055e-01 -5.160950827180508377e-02 -1.514557743268206691e-01 -3.947767642548840467e-02 1.724418024209008748e-01 7.079545726397212801e-01 4.374789346871998386e-01 6.041424248274956943e-01
-3.016361392391025270e-02 -2.652297435631504469e-02 -8.961593604168850424e-01 1.017185469400329473e-01 4.100249660814250241e-01 -4.409862241613987655e-02 -1.499391316086043369e-01 -3.732879858434889203e-02 1.664543233050524706e-01 7.000889086844768183e-01 4.033294409818667381e-01 6.025744210789429900e-01
-3.588608392415114368e-03 -3.831256427516772228e-02 -8.827454262174658783e-01 8.898610896139599880e-02 4.275360959201508493e-01 -4.453977419077143063e-02 -1.350692228494579372e-01 -3.966640145504859299e-02 1.449788476770656753e-01 6.885705851151813217e-01 4.139645019841453610e-01 5.921786928096490765e-01
-4.172286928905936942e-02 -4.696841452347701867e-02 -9.019529370309729011e-01 7.820690298643472038e-02 4.055091238496636441e-01 -4.447635202091981821e-02 -1.510224627163096744e-01 -3.347269628210232384e-02 1.804471567673063825e-01 6.956513491774664049e-01 4.058227019685192727e-01 6.008120083876095086e-01
-6.017297105310903671e-03 -2.840959584122489112e-02 -8.814623487248833822e-01 1.003163265416219391e-01 4.248935958571982141e-01 -3.792510504335212806e-02 -1.541126651292748229e-01 -2.268686271851344527e-02 1.518787227545568275e-01 6.880490287639273728e-01 4.203330586036421734e-01 5.903703788920379170e-01
-1.676161221483298686e-02 -5.296164040049695931e-02 -9.059378692363992958e-01 8.552391765759677356e-02 4.064269941236291483e-01 -5.510510148771542022e-02 -1.415574338530829201e-01 -3.614449322518381580e-02 1.560224466667963494e-01 6.945451151902404252e-01 4.198034593843633089e-01 5.957050472363665250e-01
-3.592514528729502665e-02 -2.326266249076156672e-02 -8.887262600205017016e-01 1.110241833361527292e-01 4.119273154860152442e-01 -3.703438060751554350e-02 -1.614478129138428864e-01 -2.075586668600994805e-02 1.699059543310164622e-01 6.822799752366351944e-01 3.895197904165016434e-01 5.864443086592072696e-01
8.746913571246267560e-03 -4.248520575806336019e-02 -8.843432465058082004e-01 1.020183836576769726e-01 4.241373077006814762e-01 -5.057028379786650263e-02 -1.356552406958363988e-01 -2.327142516703183117e-02 1.319862672439387485e-01 6.710652422880571955e-01 4.470660277379034930e-01 5.822974428894474030e-01
-5.301601401329152086e-02 -4.808651677104370387e-02 -9.014707706067520698e-01 9.643043313328686361e-02 3.688264206443259141e-01 -4.682206847361723712e-02 -1.473293683744078819e-01 -3.143024378612586239e-02 2.127299425602572347e-01 6.802882198483946041e-01 3.839822542747862166e-01 5.957195889467100658e-01
2.529065172854554067e-02 -1.003798121395507725e-02 -8.131111263978103576e-01 1.299077970057037623e-01 3.997555655812070619e-01 -4.223713881865581721e-02 -1.802633048838289953e-01 -1.755664533471996275e-02 1.434089690086104985e-01 6.671852245943312720e-01 4.102408057117641893e-01 5.679730257640791535e-01
-3.355249407693716712e-03 -3.641859993381008076e-02 -8.779325819912493500e-01 1.104682463169146811e-01 3.352551828126379974e-01 -1.440450411000298025e-01 -1.302664856153750161e-01 -4.993114826978692355e-02 9.781231908302338851e-02 6.262426127672230391e-01 4.232215296050864661e-01 5.477961734308098851e-01
-9.643083652844855469e-02 8.614712645129789237e-02 -8.357206923504587603e-01 2.395078874308289307e-01 3.768351200323064587e-01 -5.389868480749894497e-02 -1.400818247295588792e-01 -1.873334194460518978e-02 2.474664239993187298e-01 4.984232456638036934e-01 3.246091172379741430e-01 3.855243476914401723e-01
-8.714498355700213417e-03 -7.822295464122101805e-03 -8.148015309140239637e-01 1.038241250364017737e-01 4.037389446572320906e-01 -5.530655180632834678e-02 -1.271957707184682984e-01 -4.084014556078839620e-02 2.674598731175809041e-01 5.226369079689249242e-01 6.128132571591086153e-01 4.093186230947753468e-01
-1.172461957368996083e-01 -4.473738309228570548e-02 -8.608645542767204839e-01 7.065401522365058473e-02 2.841507594791548019e-01 -6.487958986782542403e-02 -1.526834014041457410e-01 -6.589388903603915493e-02 4.472320717471833795e-01 6.519620540534781794e-01 4.825404895590463816e-01 5.530825042992595364e-01
1.914605550880504881e-02 -6.253915506205659502e-04 -7.637603636524885609e-01 1.268687613148360982e-01 3.450054509952380499e-01 -5.451054933575642802e-02 -1.764830782525735609e-01 -4.222192441692066561e-02 2.589455454709178039e-01 6.527738944402611265e-01 4.581545710598879939e-01 5.632760316850374815e-01
-9.152569188532980182e-03 -2.745345018076286725e-02 -8.270283275501024711e-01 9.892554477131587642e-02 3.342221728305925232e-01 -7.502592476378266984e-02 -1.545968020543733168e-01 -7.290108517795348964e-02 1.676273856700344622e-01 6.388034969296247922e-01 4.173227630831329860e-01 5.371057469202287216e-01
-5.036712014217327449e-03 7.855926862807977029e-03 -8.142988568179597708e-01 1.318521450172745468e-01 3.744817933915461916e-01 -4.359345965224715319e-02 -1.379081368589629153e-01 -3.522001705787210918e-02 1.501050743071383198e-01 5.821649150080379087e-01 3.491988700333906182e-01 4.975338524776989901e-01
-1.037590999155625637e-02 -2.644144676261538790e-02 -8.344305364410500303e-01 9.418747891448686627e-02 3.881936613327293673e-01 -3.388879970441626560e-02 -1.508783911463493776e-01 -3.026153559525306819e-02 1.635715585537602657e-01 5.860510063379242851e-01 4.175826955005249030e-01 4.942261808624049402e-01
-1.066876293486648114e-02 -3.321570699225953605e-02 -8.509412797799692507e-01 8.936194929898513828e-02 3.742214635067666606e-01 -4.306617075597470035e-02 -1.671757538327163506e-01 -1.812929866145020566e-02 1.885966980192412268e-01 6.251018371765215687e-01 4.245682600563859821e-01 5.248519097056121296e-01
-4.211794330680099230e-03 -1.982497857670778574e-02 -8.716930468405627019e-01 1.164894377229796912e-01 3.758162307174134353e-01 -4.399538849574659294e-02 -1.607646068652859861e-01 -3.286274630490018667e-02 1.562314849918232662e-01 6.283402648229416965e-01 4.146583344450940345e-01 5.329421778179095348e-01
1.051663563696657311e-02 -1.106542750750960646e-02 -8.564019257785659978e-01 1.049464015282031287e-01 4.016573194541470659e-01 -2.888299861982757122e-02 -1.589518951354313980e-01 -2.449284264179387577e-02 1.523091111894560590e-01 6.242679967151478770e-01 3.868090391813456264e-01 5.314908735353747193e-01
9.564300073782283640e-03 -4.796320722824214122e-02 -8.812725930562372856e-01 7.620850360143251179e-02 4.028240876723730990e-01 -4.923257715623209629e-02 -1.700368301278533112e-01 -2.894407541147374363e-02 1.445743728271581263e-01 6.415113419642679560e-01 4.332126584960741544e-01 5.393163197171373380e-01
-1.758087959000403933e-02 -1.896144188567736033e-02 -9.222700134831702812e-01 1.313957810233418178e-01 3.907526254379262709e-01 -3.629567829534482981e-02 -1.753889579421401279e-01 -1.439982215711967280e-02 1.655285153048667579e-01 6.358724077524922080e-01 4.208293236643509405e-01 5.445783781421406067e-01
2.614333631065356156e-02 -2.136160812752477267e-02 -8.903470100799310005e-01 1.192437950671465519e-01 4.094714510731563561e-01 -3.117689755651229314e-02 -1.716268598766103604e-01 -1.428837718580842908e-02 1.407815271104789767e-01 6.446125340651245317e-01 4.222196945880964947e-01 5.432905956917667423e-01
7.567671295823891198e-03 -3.145526328902599478e-02 -9.046468860951304425e-01 1.000612843437628796e-01 3.937850944791598251e-01 -4.311545306032133623e-02 -1.737588690823956838e-01 -3.081330406727827986e-02 1.371637468075115329e-01 6.583979890867385221e-01 4.160108762704449181e-01 5.609986978156579207e-01
1.876640762118888389e-02 -2.565817884181362252e-02 -8.949342195606231343e-01 1.215099069265687809e-01 4.043863934446157438e-01 -5.467568468654072922e-02 -1.671022700172357933e-01 -2.104155841513525096e-02 1.242452058017087385e-01 6.317670663794824337e-01 3.946071403158001867e-01 5.482479764212968565e-01
-1.778097966362841842e-02 -1.228718408310139343e-02 -9.163515154200919666e-01 1.383094497307544302e-01 3.885172164159535479e-01 -3.859346685150625428e-02 -1.802239787373429436e-01 -8.287105284371234365e-03 1.514883530134431278e-01 6.069161235405273747e-01 4.360108329914557657e-01 5.081922825896834084e-01
2.286126409825775530e-02 -1.112413905623208660e-02 -8.722231302597417413e-01 1.244246544815028055e-01 3.947532613969148008e-01 -3.108617866179439956e-02 -1.593903528548495652e-01 -1.327741218174830276e-02 1.530160051733350235e-01 6.153755350362015708e-01 4.271629462468284344e-01 5.156181267644623922e-01
-4.167711415177480228e-03 -4.238347234074736625e-02 -8.671377876501815685e-01 8.762943476660067788e-02 3.688412513434998763e-01 -4.147844937855953845e-02 -1.586358570413027580e-01 -3.641470567564333849e-02 1.617050922191972662e-01 6.343717500603754944e-01 4.030408433633435594e-01 5.460569406620709998e-01
7.763060704661942091e-03 -1.348655210497547857e-02 -8.340472774613921780e-01 1.021452739633097739e-01 3.764859569530806804e-01 -2.763954339114130937e-02 -1.654243883660165004e-01 -1.254292227263758414e-02 1.335796810467672624e-01 6.193757549009195618e-01 3.792656703492606751e-01 5.327345248779291609e-01
2.465577988643676000e-02 -3.691889506915979613e-02 -8.274784265188597221e-01 8.536728978337515539e-02 3.833651815401495355e-01 -3.782287492678985258e-02 -1.433575744787371486e-01 -3.000564015586978245e-02 9.957387764244537975e-02 6.152318671020616803e-01 3.832997457111242956e-01 5.203298723542196802e-01
-1.744088072045074655e-02 -3.142280023531598271e-02 -8.340251882624456492e-01 9.101432690186661567e-02 3.682945227096251495e-01 -3.023691679981993161e-02 -1.496894887193117307e-01 -1.952524305765175952e-02 1.278360781978716276e-01 6.122197132880609072e-01 3.499124753220945738e-01 5.260562738074070488e-01
1.675590431625272742e-02 -2.331398322911117788e-02 -8.063921953434890488e-01 9.532872745596704389e-02 3.895587494157114472e-01 -2.733678939690895385e-02 -1.428796774063817165e-01 -1.300360496988534412e-02 9.659450022089102750e-02 6.070831365227171705e-01 3.689529399757974226e-01 5.161907865880187574e-01
-1.160129304344449663e-02 -4.272506751676721781e-02 -8.217977031128287368e-01 7.665210340113023935e-02 3.740941068424500360e-01 -3.645174617088010188e-02 -1.355273748810664758e-01 -3.451752674297010881e-02 1.164684508857525835e-01 6.199947436217732033e-01 3.602256934187512138e-01 5.258995824630992022e-01
-7.051198572142328147e-03 -2.798575661144009352e-02 -8.069904781030701191e-01 9.203755302017151141e-02 3.795190389290949984e-01 -2.920998778808502061e-02 -1.358472805262229410e-01 -2.112017716895875016e-02 1.181462172414063788e-01 6.122919438007922155e-01 3.512524078799776350e-01 5.295621787279563009e-01
-6.112220692497213892e-03 -4.194032526366368863e-02 -8.057796064849507278e-01 7.945102485697905226e-02 3.755241566173798673e-01 -3.652120972435708712e-02 -1.352819393213386956e-01 -2.638178599672320185e-02 1.146972453759575461e-01 6.155257453946518797e-01 3.613790176202879012e-01 5.270323921715650561e-01
-1.475537225398841634e-02 -2.805841763941556433e-02 -8.056762436296087682e-01 8.732707709918544059e-02 3.722372779981479862e-01 -3.215332518277340401e-02 -1.373570874059296676e-01 -1.886876076814945208e-02 1.217910042182747260e-01 6.098672796313749922e-01 3.523023798667027640e-01 5.239842463692734320e-01
5.764928479120787208e-04 -3.917453213424298974e-02 -7.976291023408179637e-01 8.224447983925625705e-02 3.820578448748853662e-01 -3.291731715632591204e-02 -1.299488535971663750e-01 -2.513397603222953386e-02 1.166888332033460263e-01 6.078338866851256128e-01 3.591224465111997888e-01 5.171109370656720161e-01
-2.286280675615799673e-02 -4.242714514190251002e-02 -8.121442186250271700e-01 8.180171439237125808e-02 3.678158618283129400e-01 -3.241440438351671227e-02 -1.422059326181891181e-01 -1.739835035677028685e-02 1.341781653185906698e-01 6.181512153207912030e-01 3.616398837264647725e-01 5.279883736042725317e-01
-8.075712522198352783e-04 -3.269708137638432238e-02 -8.012480634550024350e-01 9.554613748623966285e-02 3.785790879637356277e-01 -3.022698521088205970e-02 -1.353012851724474108e-01 -1.876271351736200771e-02 1.089085018101996205e-01 6.188242225935554064e-01 3.557456091539349941e-01 5.270344732459346648e-01
-1.194293420927748650e-02 -3.855777170788199371e-02 -8.042540991860223087e-01 8.117188928430850436e-02 3.783712371060692914e-01 -3.097639112813458176e-02 -1.297249580234277333e-01 -2.628065990646757943e-02 1.068303380998176788e-01 6.232320380900542300e-01 3.454839921304765915e-01 5.329179659606293473e-01
-8.837417169144837215e-03 -4.096136948789549231e-02 -7.990750266337238727e-01 7.675872745333228719e-02 3.859344018203669791e-01 -2.834059243319351357e-02 -1.257123045239194881e-01 -2.470318018349143899e-02 1.075922584338416810e-01 6.216388885838306511e-01 3.414203645766200057e-01 5.353600292928819560e-01
-1.697150573606713564e-02 -4.524311701257788948e-02 -8.053472722704172471e-01 7.151718436007992175e-02 3.822359611543738600e-01 -2.983879199378554337e-02 -1.334603709686968398e-01 -1.989767251206112086e-02 1.145182078287596827e-01 6.306813635655361683e-01 3.517399234452128765e-01 5.398975528266583002e-01
-1.089395712503634511e-02 -4.148991204325769983e-02 -8.074318910094739898e-01 8.112148994105691791e-02 3.869349671916582634e-01 -3.204229883698067605e-02 -1.298839520242653922e-01 -2.321437936495072962e-02 1.064427755342163134e-01 6.334465241135772695e-01 3.501008537275461796e-01 5.426205496718492505e-01
-1.685945215527268060e-02 -4.326605481998475194e-02 -8.141441677586580550e-01 8.073279135196261003e-02 3.870394433864900452e-01 -3.098553210412997513e-02 -1.267274657060915299e-01 -2.371794274813032385e-02 1.109564853337299262e-01 6.338289713665803404e-01 3.487785816248910598e-01 5.447106781015802479e-01
-1.544680302863538773e-02 -4.428874189770953124e-02 -8.106897454735542130e-01 7.795259813367758084e-02 3.891871508274493685e-01 -2.751772156388187021e-02 -1.304794595693226089e-01 -2.236821049262711567e-02 1.157032015662406987e-01 6.392198570064615559e-01 3.478185366704534265e-01 5.478455421531920333e-01
-1.200291950138768216e-02 -4.628389664289320887e-02 -8.130360259564384240e-01 7.587389962832305490e-02 3.890435138097042556e-01 -3.124741649042879141e-02 -1.325346955682390471e-01 -2.512950567978632435e-02 1.054978790629564761e-01 6.453145862226643548e-01 3.547378662362523083e-01 5.548889744424703174e-01
-1.276812585824362023e-02 -4.464743148740091261e-02 -8.186459132459419363e-01 7.984604826726664217e-02 3.875677876231664598e-01 -3.421264025431317718e-02 -1.256652392257806838e-01 -2.502250051682586643e-02 1.029415690661313748e-01 6.398359633792241041e-01 3.424262581610691969e-01 5.548292884756309551e-01
-1.695203541094693345e-02 -4.016418022351709444e-02 -8.138243855361853019e-01 7.952857251762268653e-02 3.936761000973501012e-01 -2.918738765834554688e-02 -1.333748966485495124e-01 -1.599355562806253211e-02 1.112866114973313642e-01 6.325182576143585367e-01 3.427529975517569771e-01 5.460230667169461150e-01
-9.433913280603868634e-03 -4.444126626014476694e-02 -8.222848053951551384e-01 7.570730611066488203e-02 3.934538247906977926e-01 -2.897928750623170180e-02 -1.330224494349031561e-01 -1.992109408460281811e-02 1.128178503962451729e-01 6.374847351638770476e-01 3.717546578885342901e-01 5.406204113375595588e-01
-1.595856365972393720e-02 -4.744500183696322149e-02 -8.240342119258360354e-01 7.789573770140775788e-02 3.880282677246744694e-01 -3.245281602003072252e-02 -1.360252895094674619e-01 -2.717965765783313808e-02 1.222907495191621341e-01 6.508867930778472477e-01 3.521080859855303391e-01 5.583961356817243038e-01
-9.814681543501548033e-03 -4.045457201989510754e-02 -8.274714306727596336e-01 8.664373032712877065e-02 3.906819670759418273e-01 -3.401021875090410457e-02 -1.340408101955541387e-01 -2.263326124938842485e-02 1.015893534251125774e-01 6.432965318963673740e-01 3.602719349052306841e-01 5.563769328967997918e-01
-1.225899855247789688e-02 -3.933703053386077703e-02 -8.254655752137780578e-01 8.243049513342454171e-02 3.939694432448908046e-01 -3.000074287049477387e-02 -1.295939615209326379e-01 -2.258528391978177272e-02 1.118378052681833490e-01 6.366954281444830999e-01 3.421105699094133534e-01 5.497182372236983916e-01
-9.742825058843114505e-03 -4.336190463264708722e-02 -8.231460033594886205e-01 7.288815341977902817e-02 3.983495798411771371e-01 -2.656472354129880975e-02 -1.414027023070109357e-01 -1.980619366622421093e-02 1.153789156257113147e-01 6.416906459187483591e-01 3.672087780836296722e-01 5.448451119058302927e-01
-7.283891731405894854e-03 -4.854263055372427804e-02 -8.398345565076662522e-01 7.761977524593641209e-02 3.913019580503684369e-01 -3.552394797291279216e-02 -1.358597797402331941e-01 -2.704057954978823092e-02 1.113575378316656594e-01 6.498599388112606956e-01 3.689338460761895089e-01 5.585403979396281748e-01
-1.393009153676746936e-02 -3.515882379758805687e-02 -8.401708211881859789e-01 8.737415694194373972e-02 3.940948478070604999e-01 -2.843702515835956277e-02 -1.416118127653221148e-01 -2.082807715215167360e-02 1.164469983741216463e-01 6.458712249565525809e-01 3.463333360243150971e-01 5.559279876574303447e-01
6.503287231094868892e-03 -4.246965638078277483e-02 -8.372701350819812260e-01 8.266647666103635328e-02 4.121780138351789913e-01 -2.650650363325209036e-02 -1.440284050526267345e-01 -2.379172174038961945e-02 9.998185646544213712e-02 6.435995746433927911e-01 3.725830924587809623e-01 5.488785135376064162e-01
-9.711962888665597038e-03 -5.526162713610854871e-02 -8.717256916039305414e-01 7.980742264815970932e-02 3.892907277973218227e-01 -3.853383803184050327e-02 -1.442432318514959011e-01 -1.939217914357506053e-02 1.165633386535715743e-01 6.528446727011134598e-01 3.756308158727602042e-01 5.630921795993161227e-01
-7.729346741391460163e-03 -2.313141271974651636e-02 -8.560239863454962572e-01 1.066595402725691866e-01 4.033780597898586340e-01 -1.962172450446713484e-02 -1.626311294511047500e-01 -1.239809212753578346e-02 1.141836969744451785e-01 6.447329324380410842e-01 3.495955352469998778e-01 5.516636363977704960e-01
3.735234999034776904e-02 -5.130026954223278896e-02 -8.617029828396874924e-01 9.222545271602279604e-02 4.186019987130492059e-01 -3.319320453693829637e-02 -1.449515808711559772e-01 -2.094846827145240703e-02 7.840961718248795620e-02 6.401385144228638469e-01 4.019574422247091938e-01 5.515643232129145979e-01
-2.723115836507429555e-02 -4.998067660081673136e-02 -9.035241136445322230e-01 8.956742920111845918e-02 3.593108537759893695e-01 -3.638554894403528417e-02 -1.663687900547601017e-01 -1.912300650280126732e-02 1.394292837340952440e-01 6.438846765446857301e-01 3.520771738187060129e-01 5.664344017656313124e-01
6.965493993400065365e-02 5.460186070178021933e-03 -8.237419027312561370e-01 1.427698150967116886e-01 4.170891179915158231e-01 -1.221761496717411327e-02 -1.890831833220260605e-01 2.698439391436633500e-03 7.788247608015705370e-02 6.116445929354228372e-01 3.606194029511936572e-01 5.203427488335394813e-01
4.002407391221840527e-02 -7.455660920588016993e-02 -9.099196822002068030e-01 9.198401175180488665e-02 3.561307450377646511e-01 -1.215961007638241276e-01 -1.739884395879603141e-01 -2.674062404349974997e-02 5.453134752687671671e-02 5.980885091539763776e-01 4.223719973565105978e-01 5.157857549498217065e-01
-5.704796113589194473e-02 6.942023672235264620e-02 -9.302925389171987636e-01 2.921569025060481994e-01 3.575268579969809735e-01 -1.892802655940717393e-02 -2.020441063435482465e-01 2.308244850105019286e-02 1.848648549583237211e-01 4.876381476835754958e-01 3.496331562965876438e-01 3.725013852829818783e-01
9.566496219912996868e-02 -1.198190468963153399e-02 -8.490125741941533244e-01 1.675007822411172242e-01 4.018155120285107351e-01 -4.898566038802103229e-02 -1.738900608817091076e-01 1.651082233174511193e-02 1.196648087211182043e-01 5.086020467221875618e-01 5.134507888416353083e-01 4.173730531741072225e-01
-6.675380013650143718e-02 -2.490547218245026118e-02 -9.236853342943991407e-01 1.500526971707504820e-01 2.914957523529200234e-01 -4.711655691781505007e-02 -2.042893339114613960e-01 -1.771930914202305557e-02 2.667153672397768460e-01 5.657034742087903023e-01 4.210829818504255861e-01 4.626532465825610174e-01
9.491382843368040279e-02 2.736039426130149055e-02 -7.953674500137386527e-01 1.863942095427664203e-01 3.700932695720491328e-01 -1.348969723819173905e-02 -1.897015430506737155e-01 1.199249056839368777e-02 1.243914269634424641e-01 5.376442308428487360e-01 4.191621202842681915e-01 4.468930425102186632e-01
2.220788643979075550e-02 -4.994164335281990608e-02 -8.463122681974355466e-01 9.435204475400009450e-02 3.165089584706843873e-01 -5.274708827165657671e-02 -1.796352934710134241e-01 -3.753696547810619205e-02 1.103455216377495496e-01 5.717572694762446117e-01 3.883670890205812576e-01 4.804546053426560492e-01
3.892183230176708697e-02 2.239174826328647894e-02 -7.991262812570608665e-01 1.594470563115744366e-01 3.486390041734732659e-01 -1.297352134191097350e-02 -1.724333603206929799e-01 7.358369381559672767e-03 8.002548479124670100e-02 5.165029557883606959e-01 3.141089436239775656e-01 4.413535310679591595e-01
5.567166178732582682e-02 -2.690813416640534805e-02 -7.870636745733319284e-01 9.793219197345870430e-02 3.619647549278747767e-01 -2.388706710577797460e-02 -1.581895924994142777e-01 -1.144143877459801242e-02 4.975484039389722890e-02 5.216967798902522047e-01 3.680640584334244347e-01 4.270553828006751207e-01
5.820067931163248887e-03 -2.168065867786148071e-02 -8.043892034991183548e-01 1.015368551726568841e-01 3.374221718760963551e-01 -2.100340514284608495e-02 -1.584941394147779681e-01 -7.168962201265117497e-03 9.950726641638257819e-02 5.327372792002682544e-01 3.285290985912663886e-01 4.525705975944798731e-01
4.131958796927678867e-02 -1.735157712945599451e-02 -7.737786984651471300e-01 1.062918531986042497e-01 3.596121491398218684e-01 -1.571519942740899969e-02 -1.539657882023644231e-01 1.331106157925077832e-04 7.211019862856707374e-02 5.326946211803244013e-01 3.415885072955638369e-01 4.455016334402737144e-01
1.730775719026571291e-02 -3.161694176035679399e-02 -7.898961523246182947e-01 8.959546995353551146e-02 3.507828057307065261e-01 -2.149337715559256762e-02 -1.555880197751742799e-01 -1.192118188219433265e-02 8.523275421120783679e-02 5.533726146093276288e-01 3.362151949825370467e-01 4.626126088303263995e-01
2.486850380677872729e-02 -2.546581023399632770e-02 -7.867223844670778732e-01 9.915808817613579185e-02 3.625058510523759270e-01 -2.864657586748906373e-02 -1.524990194118734099e-01 -6.173118506600908800e-03 6.934549896484043519e-02 5.551275432629925177e-01 3.355808192163732273e-01 4.668265584552031555e-01
6.024808163009445772e-03 -2.617932570574228734e-02 -8.071900872003510141e-01 1.144957191567638755e-01 3.656322737154991120e-01 -1.893057634832343017e-02 -1.435850240131845701e-01 -1.230866239604756426e-02 8.434367800606515364e-02 5.507969430674470868e-01 3.421414119164833956e-01 4.654567828493468840e-01
1.235795439709924670e-02 -3.358878282514742020e-02 -7.913831370116231056e-01 8.856929787499812079e-02 3.615454100657863323e-01 -2.114030876598239558e-02 -1.478023139514447470e-01 1.124957269313730385e-03 9.733948279949362903e-02 5.718262135576712701e-01 3.444975549049937302e-01 4.858771949302200799e-01
1.267325292443721718e-02 -3.047147590720233196e-02 -7.895893321016069777e-01 9.587976389557102685e-02 3.654654434589982293e-01 -2.636815963263756946e-02 -1.460994300654311906e-01 -1.266831493646152981e-02 8.858087515037946225e-02 5.820834022902540150e-01 3.374912228005808035e-01 4.951500998859145186e-01
9.332920625324703234e-03 -4.033426839989691370e-02 -7.938352519402962493e-01 9.674656903223230464e-02 3.654987747487977723e-01 -3.852565761843950581e-02 -1.423513509996747750e-01 -1.396794572525883980e-02 8.566095062756123868e-02 5.788661251844635647e-01 3.442041721703553714e-01 4.908960868576693892e-01
-1.744386649733621619e-02 -2.267434255957925804e-02 -8.029796088004328425e-01 1.221215223225132623e-01 3.543891816508460968e-01 -3.181534050750463999e-02 -1.426960969463635653e-01 -3.843864860462795421e-03 1.013732747631063413e-01 5.688391964650023613e-01 3.476910951024711482e-01 4.821006877486861963e-01
4.026489455799905914e-03 -2.342736677013391999e-02 -7.699046363594763687e-01 1.091527194567976922e-01 3.624502009820754211e-01 -2.337638195580795525e-02 -1.206327693961331826e-01 -1.486581047254848312e-02 1.002832032358366571e-01 5.693624908332579615e-01 3.388937879772795925e-01 4.806151945002782311e-01
-1.450767291770433537e-02 -4.337641415569399445e-02 -7.504395141920937595e-01 7.013452702256052496e-02 3.503138850882380195e-01 -2.665743159314973645e-02 -1.244175584351284586e-01 -2.491882754184592680e-02 1.170688446514484976e-01 5.877042840969455284e-01 3.255434990625001856e-01 5.078256034240424821e-01
-5.248224134961607112e-03 -4.127263606297593840e-02 -7.384391550826028272e-01 7.249378180598595178e-02 3.444812441178454754e-01 -3.148967605581604046e-02 -1.202234713717466458e-01 -2.229672229773118491e-02 9.549465076490225302e-02 5.849703431445851809e-01 3.258351918240827150e-01 5.042331571157091519e-01
-1.553342645842381575e-02 -3.204931448510443120e-02 -7.269731831456932580e-01 7.746775676186053172e-02 3.440898399730263346e-01 -3.066524279836551140e-02 -1.149681605874356000e-01 -2.023574806045993352e-02 9.030725907243392081e-02 5.740351340181308881e-01 2.955299107953341942e-01 4.976210601868220618e-01
-9.050902898366526561e-03 -3.759036996351531462e-02 -7.161087027263881577e-01 7.097761601998629766e-02 3.542918925977436850e-01 -2.445321169088238503e-02 -1.055358398131087672e-01 -2.263973346372654197e-02 8.614360779419091840e-02 5.620006278633453700e-01 3.110824919957383972e-01 4.783798047656167562e-01
-2.619637818997939266e-02 -4.999656763920277969e-02 -7.187888104541396705e-01 5.934031357307605753e-02 3.393950398707794580e-01 -2.561140856868814389e-02 -1.084148419444968953e-01 -2.126659064663068144e-02 1.103598953133401589e-01 5.750744722141266640e-01 3.064836540562084211e-01 4.979367731694757104e-01
-1.496537353509231477e-02 -4.288358056415761399e-02 -7.039355826768936009e-01 6.989203007754506147e-02 3.396040168623429278e-01 -2.728146633347858230e-02 -1.113909586108014493e-01 -1.675619408635757937e-02 9.421683682405020133e-02 5.799499562978092104e-01 2.998110207155036955e-01 5.003263315048032123e-01
-1.717088137718345703e-02 -4.238689745595779212e-02 -7.029398193137964546e-01 7.187511864798423744e-02 3.397090489747023878e-01 -3.092534509462083886e-02 -1.029519346905887062e-01 -2.691334586771143567e-02 7.703825334473762831e-02 5.728682034744123630e-01 2.903419699985856361e-01 4.948711964796159712e-01
-2.071453297266531712e-02 -3.689184138474498054e-02 -6.960992889109621773e-01 6.663431366360431096e-02 3.398409506732921748e-01 -2.658260141539750543e-02 -9.547747605955381189e-02 -2.205823557501357043e-02 8.336836145721554514e-02 5.621142006393502477e-01 2.807526713038051569e-01 4.846440739193804692e-01
-2.270204233856025489e-02 -4.547329321239840239e-02 -6.851513427070070605e-01 5.810392060212502680e-02 3.474510573098862354e-01 -3.035341091658385823e-02 -1.005662249354060955e-01 -2.279335487355020617e-02 9.314820274439981895e-02 5.610423922486271753e-01 2.843642080927397675e-01 4.857618986800151806e-01
-3.393269532239544944e-02 -4.509807728245483066e-02 -7.080483162955447662e-01 6.498447660975574525e-02 3.340051345967210428e-01 -2.791504564775408592e-02 -1.022964520822282064e-01 -2.143863712516989178e-02 1.051917222301741311e-01 5.614465094130368650e-01 3.190231757495629594e-01 4.781301456009773299e-01
-2.184010651341624504e-02 -4.153148163471756527e-02 -6.866301994138154230e-01 6.906243562008830550e-02 3.375202064656100953e-01 -2.353500078551262753e-02 -1.000894663156982334e-01 -2.272875235799874313e-02 1.108660451953320525e-01 5.713728700783538006e-01 2.828673867866829950e-01 4.961052507087002628e-01
-1.874011463643395631e-02 -5.267800914518610406e-02 -6.907669737318775649e-01 5.691536111794860686e-02 3.331860212431258517e-01 -3.125189968711397648e-02 -1.030645024080038968e-01 -2.423478275297207690e-02 8.742441309635148872e-02 5.732658417861501432e-01 3.017901937543076563e-01 4.967491183543803479e-01
-2.471240769206071303e-02 -4.085086393079235406e-02 -6.896784620836206026e-01 7.012467748477746454e-02 3.328005969515512308e-01 -2.775049362175734460e-02 -1.011257543964441397e-01 -1.956443615011659032e-02 8.882711928113076749e-02 5.629487005209318218e-01 2.690238925245969082e-01 4.899955623035900931e-01
-1.603333872293566387e-02 -3.772832519409213825e-02 -6.833433897778793398e-01 6.340634168040321095e-02 3.429463921130906368e-01 -2.333230134388169716e-02 -1.022579455200525733e-01 -1.627200754913479125e-02 7.517265280888738022e-02 5.566599792116930789e-01 2.927472287870242496e-01 4.722647070992586071e-01
-2.295576760660807125e-02 -4.770094582029458380e-02 -6.920694604337014333e-01 5.486603972169632609e-02 3.436423442633674830e-01 -2.737380154469341853e-02 -9.224128131423295351e-02 -2.752395497350516515e-02 8.872473468825589626e-02 5.627637559183533700e-01 2.836970166604005361e-01 4.851303438988086025e-01
-3.175350656538514921e-02 -4.884847254008220507e-02 -6.980223120999562436e-01 5.595433520386884629e-02 3.433539273748736909e-01 -2.050741746830130052e-02 -1.020837716670701251e-01 -1.855267685022434984e-02 1.047285234298619278e-01 5.698274595748447080e-01 2.926734514528753772e-01 4.897337739722062988e-01
-1.998657239839469330e-02 -4.834837924929375613e-02 -6.985614711635950158e-01 5.572486917479929636e-02 3.486838487712885515e-01 -2.415017496049513823e-02 -1.062153023216464431e-01 -1.698646832009684249e-02 9.149942717373041323e-02 5.856695218639320633e-01 2.998183363581481964e-01 5.030246579488226732e-01
-2.268564588166414181e-02 -4.983888186764266065e-02 -7.133700639607567506e-01 5.903361566117494574e-02 3.520194641283537762e-01 -2.689283044908658687e-02 -9.744622578711717442e-02 -2.752796805391942089e-02 8.365813071341965390e-02 5.912662425970958147e-01 2.917817817904870825e-01 5.077068434114763162e-01
-2.579176922268930361e-02 -4.932062435116158633e-02 -7.151565476476404726e-01 5.944002391432345878e-02 3.605577469680693037e-01 -2.063438492196524240e-02 -1.012161980827838148e-01 -2.340072712544662495e-02 9.013466500352693145e-02 5.950800511920741886e-01 2.841135583994481295e-01 5.130290272118025463e-01
-2.180576071562486534e-02 -5.662553129138964830e-02 -7.250911940377340326e-01 5.700955643422807306e-02 3.640237557158156889e-01 -2.824827905677265369e-02 -1.069541062255917746e-01 -2.119899417831307142e-02 8.037535440521098584e-02 6.039555177843720646e-01 3.052528459882388190e-01 5.226763182568499033e-01
-2.944141836305384091e-02 -4.935016881805159156e-02 -7.437480727431079464e-01 7.092094627974554477e-02 3.576282009053453059e-01 -2.782154926475687365e-02 -1.014896076282027909e-01 -2.153769046974283313e-02 8.727681973536008386e-02 6.027800399073112159e-01 2.972714801358463665e-01 5.213981471223817499e-01
-2.014014160725820235e-02 -4.512417444335840855e-02 -7.283461198826319816e-01 6.829702425952022260e-02 3.712467327329157518e-01 -2.117665917131009157e-02 -1.085807465584264359e-01 -1.876600094566181071e-02 8.975159479515601446e-02 6.017351277651793451e-01 2.901139755138699150e-01 5.216878503944140100e-01
-1.786934294540695745e-02 -5.671839677785884409e-02 -7.469010591197978721e-01 5.594599403090305678e-02 3.640477008040168272e-01 -3.042355302048289217e-02 -1.103456802476557030e-01 -2.375431569907630880e-02 8.364890660084578489e-02 6.065565170055233768e-01 3.260371109674096157e-01 5.222287715884860182e-01
-2.424698658361879033e-02 -4.675491764651171916e-02 -7.505319185842155294e-01 7.369389426253172837e-02 3.590681221268161583e-01 -2.684135015398773569e-02 -1.114625384149817017e-01 -2.192095930844247670e-02 1.003813905372725190e-01 6.026711362792624982e-01 2.921765344981477885e-01 5.257984818268688354e-01
-9.031636443302147599e-03 -4.492989043203080013e-02 -7.449272761741998483e-01 7.169777086129193455e-02 3.669524378920296925e-01 -2.713881043856640474e-02 -1.221056483340302035e-01 -1.197651382953476493e-02 8.284071110779180069e-02 5.958336526707342928e-01 3.187336922418469443e-01 5.129908124463173902e-01
-1.530184104875393497e-02 -4.581912692838870094e-02 -7.626915224568473484e-01 7.470204126924259724e-02 3.605491276210481821e-01 -2.821692855403931666e-02 -1.175705925828996190e-01 -2.215610305720345716e-02 8.888086752801688251e-02 5.934308795198729447e-01 3.158887261410435188e-01 5.079494196771086045e-01
-8.537470749537853787e-03 -3.916687617577112313e-02 -7.562543968059205479e-01 7.568090884289782605e-02 3.675484648683591815e-01 -2.204571150834865045e-02 -1.222632389253668489e-01 -1.242516902649647322e-02 9.341948866139036800e-02 5.907578209744410724e-01 3.108054079395804470e-01 5.092896009405838420e-01
-6.201579428895077906e-03 -4.966139078558322317e-02 -7.674219800313270001e-01 6.797125803537817923e-02 3.689350204120941390e-01 -2.691774520291112874e-02 -1.278905123213707473e-01 -1.821639539637413818e-02 8.950226411774020452e-02 5.967915581569338546e-01 3.281989695952882147e-01 5.098560402919182222e-01
-9.274711562373659512e-03 -4.102732437670823795e-02 -7.804945700333347780e-01 8.170344814765176378e-02 3.681051283267483543e-01 -2.014401034413128636e-02 -1.319296717546578068e-01 -1.501448382456727418e-02 9.282682794639959822e-02 5.992129753764127154e-01 3.272079119415985948e-01 5.116930595161524042e-01
6.647097831799154977e-03 -4.905484941902397977e-02 -7.805535382030562852e-01 7.804914710087038077e-02 3.732408777881994766e-01 -2.718690470555203825e-02 -1.277706441567305062e-01 -1.339203458928492699e-02 7.817744530438050510e-02 6.040103414978286178e-01 3.223065363894775381e-01 5.217551205245247736e-01
-1.233957431542417188e-02 -4.158449306741084789e-02 -7.935647167666328716e-01 8.535112884037976411e-02 3.718779477526839572e-01 -1.991711652902088472e-02 -1.397170432948096064e-01 -1.113652281053027077e-02 8.419050009471099050e-02 6.011583091762999764e-01 3.174770294868349829e-01 5.157855876009564966e-01
1.872780174802587960e-02 -4.530741831652310148e-02 -7.875123696451989952e-01 8.835544530520200723e-02 3.854324778953106545e-01 -2.098499247717418650e-02 -1.315401566040938219e-01 -6.084985896316730258e-03 6.489214326808932787e-02 5.987810282135928031e-01 3.363424963592798189e-01 5.137358254770463262e-01
-1.267081320734127214e-02 -5.351629859580659537e-02 -8.110433886245889124e-01 8.128488980551451526e-02 3.576272803339177742e-01 -2.752050894223194086e-02 -1.374325973500858111e-01 -1.242868804572053176e-02 8.775948241213547829e-02 6.067854061161741530e-01 3.185214329185825921e-01 5.275201268057243542e-01
2.448290860291719995e-02 -2.613109309171154221e-02 -7.730599170209773163e-01 1.099319910916760346e-01 3.809969821527919853e-01 -1.266294898216879794e-02 -1.477482170223459457e-01 -2.811392004353754567e-03 6.618403138438408440e-02 5.929181229868645264e-01 3.115538194244396042e-01 5.073823052869033123e-01
1.703388184256572624e-02 -5.644371885406739703e-02 -8.018195117508511993e-01 8.020489365048331931e-02 3.535502101569384381e-01 -6.450371549918637593e-02 -1.392314007597005576e-01 -1.361011233206099388e-02 4.226470275595935189e-02 5.866172263729600989e-01 3.432678947416004100e-01 5.098230579084925829e-01
-2.763054546295853897e-02 9.599079692767312211e-03 -8.044709220310720665e-01 1.604541030526499545e-01 3.570502320023037912e-01 -1.970956977583390723e-02 -1.409223833783703750e-01 -3.427756272506443311e-03 1.067191362647259695e-01 5.293028868845501833e-01 2.969589515849130335e-01 4.390472604866122452e-01
3.399948883004969002e-02 -3.211824173750876810e-02 -7.622874893222797432e-01 9.355612996150125538e-02 3.775060474101907815e-01 -3.359770101217516430e-02 -1.374907384313067138e-01 -2.662497748944968323e-03 9.644471098044302138e-02 5.351749839897648187e-01 3.899801712188646907e-01 4.535484260182726102e-01
-4.105998269886331625e-02 -4.226979852603770377e-02 -8.094559916226569118e-01 9.752211315706210693e-02 3.145879311160385550e-01 -4.073183537721650205e-02 -1.501635148817036247e-01 -1.627308807521971740e-02 1.723205677019269411e-01 5.622593449896606810e-01 3.684734274681995547e-01 4.742567003646065427e-01
2.427550811636719486e-02 -7.269106414746678846e-03 -7.444485061172749774e-01 1.317531251983627416e-01 3.445382227210715409e-01 -2.005466237463660040e-02 -1.471319693512612714e-01 2.069399069824257031e-03 1.186468326496201570e-01 5.503158112247457101e-01 3.427604588155322984e-01 4.632279754420819406e-01
7.989296665851117196e-03 -3.997577863733012965e-02 -7.563809744273095603e-01 8.390736566383501238e-02 3.326888397235018835e-01 -3.369010632252307513e-02 -1.362159731230306592e-01 -2.669025486661129321e-02 8.915959925369178196e-02 5.626923346203974718e-01 3.392129040838396392e-01 4.771819665655624432e-01
6.113735045691515158e-03 -2.045683367056971846e-02 -7.369090662293305005e-01 9.276271032111163550e-02 3.439203820875603168e-01 -2.034977031597392724e-02 -1.296643417570469692e-01 -1.349858719103754628e-02 8.586768711177428237e-02 5.501038059179350626e-01 2.940538146759149596e-01 4.674065044671036340e-01
8.870852454032164547e-03 -3.626214882116058497e-02 -7.380730440766849476e-01 7.555569675545720232e-02 3.537153217419090612e-01 -2.082778228828295955e-02 -1.267566680123040912e-01 -2.168967751868258742e-02 6.825490349604401707e-02 5.537839715428969356e-01 3.202502136842761971e-01 4.664863896534836574e-01
-3.093400708970517332e-03 -3.653934514062560923e-02 -7.470693654354964020e-01 7.341066702492657359e-02 3.514195499234046283e-01 -2.162180506570408889e-02 -1.245955843914215572e-01 -1.842788730504670708e-02 8.364573410406897502e-02 5.655599774795829759e-01 3.024805535017612845e-01 4.820281253634116636e-01
1.825518478752050089e-03 -4.144980121882978902e-02 -7.522080662026232600e-01 7.763029250614256194e-02 3.629435294207424278e-01 -2.171892833348828752e-02 -1.269129983364084557e-01 -1.823795189326518629e-02 7.622701794224061300e-02 5.675306549836516279e-01 3.108853271539332441e-01 4.863212069604270771e-01
-4.072884311999314111e-03 -3.762132984353055987e-02 -7.706774918192315083e-01 7.647395591337916021e-02 3.611299560764464900e-01 -1.705138897981223547e-02 -1.332406015542721422e-01 -8.545811278082460216e-03 8.608113968191050125e-02 5.742526963235826676e-01 3.219243919136589582e-01 4.923933757147405110e-01
1.417614975115510934e-02 -4.593822019828453646e-02 -7.679366520640125149e-01 7.542101880835813676e-02 3.726363608128804850e-01 -2.064324641651419170e-02 -1.363846363345674606e-01 -1.353685036276519593e-02 8.029527752267262564e-02 5.874172578989986793e-01 3.201022827915285252e-01 4.995598605380366375e-01
-1.628581727469845253e-03 -4.556576759902997154e-02 -7.989179364376646220e-01 8.485042228801767394e-02 3.617954575155051811e-01 -2.513315646278631993e-02 -1.448428407647895377e-01 -1.188007732529904915e-02 7.460179837261635138e-02 5.922548228163944106e-01 3.356408023496225135e-01 5.063693127652217907e-01
1.592690667106513858e-02 -3.131667512677992204e-02 -7.917417754568671917e-01 1.017265303531744713e-01 3.743159400328597286e-01 -1.788675214731409377e-02 -1.363512202522120520e-01 -7.969412378821864873e-03 6.568189043648342551e-02 5.814610749787406663e-01 3.095071306006860756e-01 5.032458666125574354e-01
1.422101904210391898e-02 -4.548413339895164553e-02 -7.942112094447796311e-01 8.221513130071816944e-02 3.729897046484292322e-01 -1.729635463735133827e-02 -1.465747728311410925e-01 -8.695947959502445257e-03 6.800803379318511033e-02 5.852527257029469521e-01 3.298872171417092103e-01 4.979236237439232382e-01
1.650512961589492567e-02 -4.175545935590379426e-02 -8.016798792094126380e-01 8.994080931884686214e-02 3.659265656886473983e-01 -2.862595504430368032e-02 -1.485431549036973498e-01 -2.087543535233922151e-03 6.171425733340078768e-02 5.838005712138318870e-01 3.256961246502644847e-01 5.048127895811693744e-01
1.118121030369080560e-02 -3.207316448984268153e-02 -8.056771405771667727e-01 1.126120519689662036e-01 3.699140207704166294e-01 -1.886578414060153044e-02 -1.468894582017242489e-01 -1.737250454730408789e-03 6.431394487270898630e-02 5.647639964347708208e-01 3.225944538425192243e-01 4.801792602084409278e-01
1.776606520330874239e-02 -3.389858486652479186e-02 -7.967010282816202604e-01 9.457668476757319365e-02 3.664705654995298323e-01 -1.256035979149219134e-02 -1.472634426117243600e-01 4.837287401204773407e-03 6.823140870301068472e-02 5.699543215141489316e-01 3.368019856681525592e-01 4.806158934558991680e-01
2.203697349087421070e-02 -4.231766656539480420e-02 -7.851159839710877275e-01 8.505874574335565985e-02 3.668604917669941456e-01 -1.358765478218751724e-02 -1.421093894918062650e-01 -1.321141383950477990e-02 6.393993690128860208e-02 5.828793222607479008e-01 3.130835605627851903e-01 4.981551360854318267e-01
2.018892841111840503e-02 -4.289189799809624976e-02 -7.850339013666302046e-01 7.798260714652885395e-02 3.632993634760048884e-01 -1.789203927509542061e-02 -1.452177902047191715e-01 -5.939808369392229025e-03 4.703537967442710660e-02 5.820587882036279970e-01 3.142540155363742205e-01 5.010200440189535032e-01
2.118491699229113623e-02 -3.734642675491799818e-02 -7.831577176234774118e-01 9.044504553396925939e-02 3.701385058111742454e-01 -1.423404139821137296e-02 -1.389604955504231132e-01 -6.984065442809459477e-03 4.037123091210492731e-02 5.706916214179038604e-01 2.960781728338979790e-01 4.898201666411703403e-01
1.845825132204303304e-02 -4.241601849186996814e-02 -7.835978707283779432e-01 8.252605330239301540e-02 3.707892351947860154e-01 -1.070712097466346158e-02 -1.425720050950591011e-01 -1.056076862325405069e-03 4.194136333505164849e-02 5.698396050224394660e-01 3.124533170047715802e-01 4.837415735255191085e-01
2.011102175329385067e-02 -4.455769088543871242e-02 -7.865462167763288548e-01 8.321466830096052592e-02 3.666769037136403675e-01 -1.249095757561944839e-02 -1.371463609902806302e-01 -3.666126104714077273e-03 4.435262376533818940e-02 5.742627542972368326e-01 3.024746582988819821e-01 4.956492235937126623e-01
2.026473096147922426e-02 -4.388015315387086557e-02 -7.780226264162976024e-01 8.306249915516149274e-02 3.700739183679108701e-01 -1.077455454813283989e-02 -1.461020388853666585e-01 8.147849001809747208e-04 4.332780516588351227e-02 5.756283767874861290e-01 2.967727831568297003e-01 4.932559458286163157e-01
2.381393201872204768e-02 -4.360880339763867353e-02 -7.873113973525596165e-01 8.552587250384029172e-02 3.677403517004514955e-01 -1.523096926138912954e-02 -1.429302896372416920e-01 -1.201062116005137924e-03 2.734854361766633768e-02 5.720996635434448807e-01 3.142771244027038335e-01 4.884395917340689230e-01
1.984437041534847790e-02 -4.184926429311296159e-02 -7.833863887999091835e-01 9.319821102860317841e-02 3.670333821762985504e-01 -8.850586171571458993e-03 -1.353000264627370608e-01 -2.856902507905747547e-03 3.955463631476227593e-02 5.657074727195752217e-01 2.870381695436777791e-01 4.889207575801118866e-01
2.549996803792237143e-02 -4.778926557658604718e-02 -7.739698024929629883e-01 8.099882789723091003e-02 3.619553748659041226e-01 -9.637330553198771022e-03 -1.455803636578596183e-01 6.025109588326795114e-03 3.625759440229464614e-02 5.656998955791114891e-01 3.009914909809832673e-01 4.908808243175716290e-01
3.126099051262200973e-02 -3.888415086317606462e-02 -7.706650481203103364e-01 8.864743224235752117e-02 3.537284604831423263e-01 -1.424890442502609739e-02 -1.485918511353283289e-01 3.375088013097826689e-04 2.744994534276366804e-02 5.648745747318766330e-01 2.917422201868412612e-01 4.803675697851362836e-01
3.369532974275382675e-02 -3.053421114900389810e-02 -7.645038018711168837e-01 9.494950759583131727e-02 3.617205404483529452e-01 -3.282298338351864742e-02 -1.441616254013250720e-01 1.493702389561334977e-03 9.292126046994537980e-03 5.416334479551812020e-01 2.859304736948300452e-01 4.681965785221071652e-01
6.263271244866377985e-03 -2.867653031927365481e-02 -7.902289572478687907e-01 1.208158113504641668e-01 3.586092408543761212e-01 -1.519375441622598279e-02 -1.348418489714213186e-01 -1.095421258620065535e-03 5.123781691387152559e-02 5.117938583838584909e-01 3.153390074864274029e-01 4.167768097474208178e-01
8.962223437583738406e-03 -3.444079465281749131e-02 -7.695981050390134914e-01 1.020364860376249960e-01 3.502080697462224834e-01 -5.556213889827143343e-03 -1.464352744360106207e-01 1.533703860681025211e-02 8.760257003161844858e-02 5.349464637760605878e-01 3.186482928191983754e-01 4.566325529979182729e-01
2.694070018534668043e-02 -4.204086854321791716e-02 -7.573145814232696837e-01 8.806571773879005860e-02 3.477345019700428530e-01 -1.365506157802635206e-02 -1.471288724148276938e-01 4.750008341391932093e-04 6.030460685584369818e-02 5.605267460602865182e-01 3.229058038291252042e-01 4.754166460261307625e-01
2.249907617842338697e-02 -3.936734867885711975e-02 -7.561581045617191688e-01 8.544697034656519030e-02 3.457354299461240510e-01 -1.595825987677920027e-02 -1.366929909281166255e-01 -8.822755934463190688e-03 4.077784524382073450e-02 5.603898725569609329e-01 2.884336183612685733e-01 4.781838957413215851e-01
2.265514684296019571e-02 -3.398154811975617057e-02 -7.441135790036684794e-01 8.477764171186324971e-02 3.594283980549526358e-01 -8.347491388505368787e-03 -1.330874273903455418e-01 -3.534951964824845604e-03 2.528088735545834520e-02 5.498901694071343105e-01 2.784822749711395318e-01 4.690398954085708283e-01
1.839947301102635296e-02 -4.666231216860299014e-02 -7.495265469185008467e-01 7.170937490547200921e-02 3.610041553307595796e-01 -1.255669938181926473e-02 -1.255026173645983623e-01 -5.419038067485166046e-03 2.627591341272110526e-02 5.528080308571822199e-01 2.886099156209945837e-01 4.721377112221495365e-01
4.403926880874105276e-03 -4.362234645193390631e-02 -7.519830496850961055e-01 7.625658993885703341e-02 3.589147894642444325e-01 -9.338797698043958817e-03 -1.287224337311353717e-01 2.078129210543976091e-05 4.568401654574653914e-02 5.594431570003033372e-01 2.798670211341884873e-01 4.793220429445222419e-01
1.491921145880404503e-02 -4.512719709922963923e-02 -7.478809934671295512e-01 7.490613760536200816e-02 3.669474710682902874e-01 -1.236463164991822780e-02 -1.282916228852496732e-01 -5.292628122879131092e-04 3.706084920256746962e-02 5.678022300014389234e-01 2.961204621610551424e-01 4.826826860104468375e-01
1.800074565858927889e-03 -4.786514418322827813e-02 -7.605261878127652642e-01 7.464774104940979926e-02 3.626841530826143689e-01 -1.594839906657542078e-02 -1.235477714114702891e-01 -9.065363253147423056e-03 4.713794728992604099e-02 5.770282879067979431e-01 2.907625037895371078e-01 4.921273121518355831e-01
3.639099251028322934e-03 -4.341729190452654069e-02 -7.540516786251924009e-01 7.779480393611326594e-02 3.712151056561915352e-01 -1.289355458913441291e-02 -1.244804297641743523e-01 -6.786939849997001249e-03 4.887822597114460654e-02 5.800578610860276374e-01 2.898547237999231641e-01 4.966789889261908897e-01
2.132827322753161337e-03 -5.012966043700155944e-02 -7.635203395629180934e-01 7.062385958236509775e-02 3.690313454930118642e-01 -1.829240214389536018e-02 -1.206812867235996789e-01 -1.096370438647376044e-02 5.033810447851243958e-02 5.876368694807783122e-01 3.025992232477853761e-01 5.036230603575841958e-01
-4.263758198937032950e-03 -4.688755143028346117e-02 -7.625096859325455334e-01 7.544670797261374129e-02 3.713517443708064802e-01 -1.868233154471602570e-02 -1.245612016113868958e-01 -9.683928733897912561e-03 6.316782182344624075e-02 5.903125883970310461e-01 2.888180989450075953e-01 5.099953435085173847e-01
-5.457231188358696583e-04 -4.585144225694973152e-02 -7.701693322117492135e-01 7.680347208294502348e-02 3.728938178380625801e-01 -1.997899792225869137e-02 -1.271534493005959665e-01 -7.703402882199696794e-03 5.801648448625758986e-02 5.891430394638723644e-01 3.188853896533876409e-01 5.033366790861339979e-01
-2.575170226867908030e-03 -4.801154055766315709e-02 -7.736036725637552847e-01 8.065432554711399193e-02 3.693931387419329138e-01 -2.073829973121229034e-02 -1.219119199323740327e-01 -1.260856621448729412e-02 7.340079053870571246e-02 5.938300797120099617e-01 3.030189109151953386e-01 5.106293181728407404e-01
-4.667347573337837785e-03 -4.520017195403826932e-02 -7.716663140342994165e-01 7.751755941779908676e-02 3.680715271111389408e-01 -2.328988880816636187e-02 -1.324912323079746879e-01 -6.029434240151555074e-03 7.150385255561420017e-02 5.958748973272149918e-01 3.117743009070161886e-01 5.122645185680361202e-01
3.326154552112367546e-03 -4.213587308861784647e-02 -7.747848337724762002e-01 9.008312035933818684e-02 3.754347398261766999e-01 -2.317328825667326272e-02 -1.264272595434332014e-01 -1.218986040582564767e-02 6.688426133799821316e-02 5.898976350305229488e-01 3.157714536458910426e-01 5.041516537506938178e-01
-9.557949277851869596e-03 -4.642037937824107507e-02 -7.849329575147114824e-01 8.037257495323579803e-02 3.631845015332642035e-01 -2.673570705638294784e-02 -1.292575390000737234e-01 -1.009663395764646109e-02 8.080904960650284186e-02 5.932717542321965798e-01 3.211576653896602296e-01 5.076639151808269856e-01
-1.337362890413723582e-03 -3.119154120320980633e-02 -7.697503951511175391e-01 9.204208393028232016e-02 3.757450930962510927e-01 -1.841733027384134455e-02 -1.313267788799716007e-01 -1.020949268760099754e-02 7.961113179465977019e-02 5.895219357278066452e-01 3.125773944650090952e-01 5.051148941156755612e-01
3.829370310137976408e-03 -5.195566589558375109e-02 -7.819899881668239683e-01 6.931285443946605396e-02 3.700349416074333320e-01 -3.236939385624164334e-02 -1.220880858802650126e-01 -1.678302751362508588e-02 7.675939418969152106e-02 5.958781282882369412e-01 3.375870893405086282e-01 5.064770637024488265e-01
-2.560772501265802525e-02 -3.216105051174165952e-02 -7.852569278430637789e-01 8.587391672392424846e-02 3.685012400514505737e-01 -1.374708294685332219e-02 -1.376550406507759949e-01 -1.805875442793923244e-02 1.064988125882049413e-01 5.971495897961228705e-01 3.061719544458023634e-01 5.108357984623441705e-01
3.243558634072192526e-02 -5.104229942780236923e-02 -7.737276292737371719e-01 7.510382615690493202e-02 3.903116788480131549e-01 -2.303869693377381608e-02 -1.253999200657985313e-01 -1.191569063227692835e-02 6.548412694732826111e-02 5.999798682854888821e-01 3.543866159051820008e-01 5.192995653288123847e-01
-2.904526429822971989e-02 -6.087534522247171204e-02 -8.217351038961873133e-01 7.078088680227939689e-02 3.392868560265827615e-01 -3.320092610055654092e-02 -1.426667913771718921e-01 -2.001929810756230763e-02 1.136646473518801714e-01 6.128766334333279886e-01 3.080958687368651194e-01 5.385699023581985712e-01
4.791552087534291238e-02 -5.349340545264119617e-03 -7.603868318436908247e-01 1.273678709385473451e-01 3.905192816636240405e-01 -3.911658929376334720e-03 -1.670902976342455715e-01 1.678264961495298802e-03 5.834395633521825136e-02 5.859787389662048929e-01 3.178237953789015968e-01 4.935813829112796758e-01
3.738245114930443397e-02 -7.594086792688214960e-02 -8.301632326108213666e-01 8.062350553190245073e-02 3.455790813737027456e-01 -9.875851971944300811e-02 -1.424473805271546378e-01 -2.562858969307624246e-02 2.047890386656968376e-02 5.780485110072624000e-01 3.646968789629725927e-01 5.064877032248753519e-01
-5.969351749064090440e-02 3.698933857791246449e-02 -8.501432564964940264e-01 2.358282777050954016e-01 3.424872852011134894e-01 -1.509398162395807208e-02 -1.683309825946344984e-01 1.986394393601651973e-02 1.421652007345073077e-01 4.828892200014183178e-01 2.857031175845147208e-01 3.880002694949730158e-01
7.808051996158443808e-02 -2.028199596870110255e-02 -7.779162919392036413e-01 1.408067371632616416e-01 3.852568260462368999e-01 -1.972411298938383725e-02 -1.548573402392938725e-01 2.005637697166498187e-02 8.671758930380779606e-02 4.981129788330904695e-01 4.464174720830574872e-01 4.061005759378716329e-01
-3.828500076301261101e-02 -4.777806417697660901e-02 -8.375019162495895841e-01 9.879197115101448490e-02 2.869772677576687969e-01 -4.433934832275515658e-02 -1.743664752219684644e-01 -1.562947726993665215e-02 1.880264324760114181e-01 5.645419194098937332e-01 3.555993186342202295e-01 4.805223031395936539e-01
7.032222769237433946e-02 1.695183828748433874e-02 -7.466453118002124301e-01 1.599822667784024932e-01 3.555439903839956450e-01 -8.470246769274106940e-03 -1.705573154477536546e-01 7.807606892937687254e-03 7.588919258859230799e-02 5.189459239061438023e-01 3.381771268804140140e-01 4.312681868856529377e-01
3.529499024450466482e-02 -5.077110298788535536e-02 -7.895954065930521626e-01 8.699891624468547580e-02 3.290228601314921786e-01 -3.436777457087192289e-02 -1.577097916298562941e-01 -2.771314873548183511e-02 5.795749848296311013e-02 5.350312087632052016e-01 3.517716851333315686e-01 4.469622057452171116e-01
2.528796144835884774e-02 -1.101637353464304803e-02 -7.776907706157045741e-01 1.336355182895747062e-01 3.280387478478947738e-01 -8.805596956014721116e-03 -1.591017320786331235e-01 7.898033863889491676e-03 6.696134656376234728e-02 5.098883254805233189e-01 2.831837821975521363e-01 4.395175306340503019e-01
5.927188832288200759e-02 -2.514241833597072318e-02 -7.497762017991076444e-01 1.096851214146191827e-01 3.521706134093287588e-01 -1.477360404081713187e-02 -1.637452570207060809e-01 1.506581925898668739e-02 1.759872683055428710e-02 5.071194711011736134e-01 3.121825451134371820e-01 4.252590134997602522e-01
2.601791143859888411e-02 -2.802677003686870894e-02 -7.854809368488687715e-01 1.071471531225463569e-01 3.375055163870342989e-01 -1.200335765154383547e-02 -1.525464833833388711e-01 -1.169696307420394280e-03 3.611470730979925159e-02 5.063044194437973378e-01 3.102803264416912898e-01 4.173482959292323935e-01
4.487205097678780008e-02 -2.023928216757180099e-02 -7.575631387419062834e-01 1.021296855586145275e-01 3.541045217319170879e-01 3.221256779524148822e-03 -1.502104104073832547e-01 8.837128505132008788e-03 4.236649303522940085e-02 5.134241539489532435e-01 2.894193931695230315e-01 4.318833655816703976e-01
4.414889699141505419e-02 -4.489594038525500375e-02 -7.678724401208590900e-01 7.495331888155226663e-02 3.549676751734249236e-01 -1.255790529811054781e-02 -1.594557211256875107e-01 -2.126235010391391497e-03 2.979889226319821366e-02 5.384974925587299177e-01 3.099393440273871536e-01 4.542235097971798474e-01
3.380769586881460231e-02 -3.327406052674672376e-02 -7.932069149300952082e-01 1.054105493022267082e-01 3.565976395564267598e-01 -1.785572357999040682e-02 -1.604505494506431595e-01 5.830657762698462920e-03 2.778382431287812482e-02 5.332696270900461055e-01 3.026246487587251899e-01 4.517987493280354316e-01
3.329822899703305250e-02 -2.811108500485674788e-02 -8.048821017240246345e-01 1.247938923821159396e-01 3.635342711186657083e-01 -5.194966292686474529e-03 -1.581310726417592405e-01 1.037697949027169969e-02 3.141525282175951228e-02 5.256660879021011201e-01 3.163427181028721780e-01 4.383505820006403098e-01
3.993527401044383307e-02 -3.571833670605659150e-02 -7.962861222951287399e-01 1.064970959243401738e-01 3.610946417342972836e-01 -5.516629483980178307e-03 -1.590302080993156730e-01 1.348984436189263475e-02 3.754732388308021362e-02 5.425952077134859053e-01 3.122371457324215616e-01 4.636142290502787700e-01
4.219866184565070066e-02 -3.775781164840111281e-02 -7.944241403603762297e-01 9.800521376709302179e-02 3.561052195399815323e-01 -1.441770065201801107e-02 -1.597358908217974827e-01 7.094043708011803229e-03 2.738765253644892539e-02 5.485289373551600622e-01 3.051350046292831131e-01 4.682348064214676975e-01
4.080305652732225952e-02 -2.527656566839436153e-02 -7.891503824386035815e-01 1.092767323984772804e-01 3.644169905561332468e-01 -1.238008171032530316e-02 -1.630506489639190204e-01 8.029962421503559350e-03 2.223460929649210410e-02 5.382678405432873570e-01 3.009129084498966544e-01 4.504428153140374036e-01
3.742451414020403488e-02 -3.463245343659525355e-02 -8.018696597656180813e-01 1.086205979971622271e-01 3.640498726232070936e-01 -2.187058966289575496e-02 -1.518049232091950029e-01 4.275264054054664364e-03 2.108172166638574291e-02 5.294126908484003691e-01 3.240209975945096410e-01 4.454115339472700663e-01
1.326896337078475874e-02 -2.611113990653410322e-02 -8.042181144331471687e-01 1.197258971786152176e-01 3.549057021696658265e-01 -3.355500480409501218e-03 -1.516358185762887445e-01 1.027865711664102330e-02 6.374637838091229414e-02 5.268146158195519124e-01 3.083641378110290598e-01 4.466047982622821655e-01
4.476753165053753980e-02 -3.368660332561359411e-02 -7.693043720890477832e-01 8.814366343742363608e-02 3.613158696243466972e-01 -5.132742037510146932e-03 -1.574212124336875074e-01 1.359135592387752944e-02 4.757578722724417619e-02 5.510045202841011847e-01 3.250590738665686819e-01 4.622726127251312045e-01
3.152146689267089352e-02 -4.385079833718866227e-02 -7.822818757449927496e-01 8.491124777123307266e-02 3.541321853247245688e-01 -1.944518789929701452e-02 -1.484810087291152936e-01 -1.283943819112148138e-02 3.433423251031424844e-02 5.631529878822434387e-01 3.038275844766451517e-01 4.774027933626052156e-01
2.509908941567014218e-02 -3.083993311379072677e-02 -7.804766120184889466e-01 1.015610754871604515e-01 3.618449687435869588e-01 -1.117234371191652351e-02 -1.457766642336275897e-01 1.183337945208714700e-03 2.842749540023846097e-02 5.462985612821562587e-01 2.927717150610377184e-01 4.647699052589496782e-01
2.610654692996547399e-02 -3.545332251945142871e-02 -7.779317307737771969e-01 9.337381871703778757e-02 3.680208227779203645e-01 -8.664100088682819001e-03 -1.406166211937201760e-01 5.687861925681797493e-03 2.973122994154838578e-02 5.464355042066919577e-01 3.025178584365434409e-01 4.655025042056237794e-01
1.922288378844708157e-02 -4.453785147458451388e-02 -7.772978939594423764e-01 8.174334940195528143e-02 3.662822919583509917e-01 -7.756043722461088141e-03 -1.404902593493845553e-01 1.610119122836024472e-03 4.602940329817832577e-02 5.595107166615226335e-01 3.023211267114925827e-01 4.743787971972955320e-01
2.066031892238800322e-02 -4.506836280825778085e-02 -7.760520161565469532e-01 8.207852050551857348e-02 3.650948393949990378e-01 -8.826874766239809628e-03 -1.431734092684640858e-01 2.594722287125448244e-03 4.177441899767413841e-02 5.725093521727973034e-01 3.069925797391037658e-01 4.877034349455015572e-01
2.164186374483917374e-02 -4.648934925084854258e-02 -7.754595122071070712e-01 8.521419055294129907e-02 3.658007396918814824e-01 -1.366518717289012808e-02 -1.364459016956383330e-01 -3.547758242159565652e-03 2.974513070755136976e-02 5.780114677510026500e-01 2.927542453529703992e-01 4.947168610074815787e-01
1.469961845498815589e-02 -4.141230203400103616e-02 -7.727114999934304729e-01 8.759950824973343486e-02 3.692561467719988055e-01 -9.874656897793203381e-03 -1.339178794122237171e-01 -1.535908900522602559e-03 2.606277128624567146e-02 5.734014232240611797e-01 2.860292675620388914e-01 4.910540408409492241e-01
1.731088862398094674e-02 -4.440343262935203539e-02 -7.672806265102676271e-01 7.677442621889672691e-02 3.726500814457968103e-01 -1.032216234885821940e-02 -1.271085859598087564e-01 -3.974693071842005931e-03 2.580540290521160518e-02 5.725981468738835511e-01 2.890214835645846803e-01 4.924468112461174440e-01
1.237329434294592162e-02 -5.129305788957214118e-02 -7.656906040054514140e-01 7.371422032875375729e-02 3.703161240427476075e-01 -9.905236200943697000e-03 -1.286710998617539015e-01 -5.236331126294476064e-03 4.239971749685834956e-02 5.766998738623158038e-01 2.871207511941075707e-01 4.973045151691820598e-01
1.068031688179846977e-02 -5.275010516229940161e-02 -7.682140972382953681e-01 7.594822424501378177e-02 3.608841835036379897e-01 -2.128752264455020804e-02 -1.384462946468008882e-01 2.409537154335904957e-03 3.900908236160102044e-02 5.800810819423550813e-01 2.983751231311858043e-01 5.003720961978381787e-01
8.317927871479752211e-03 -3.195389409392151991e-02 -7.696229205428541942e-01 1.016169543706527401e-01 3.639344982602050749e-01 -1.598825434349888247e-02 -1.319842753080934517e-01 -1.586504752713055813e-04 3.429996110684560562e-02 5.651046321920181192e-01 2.915553764924328495e-01 4.803015184302609764e-01
1.395717573870886019e-02 -4.356001359084065577e-02 -7.593250647394709230e-01 8.317997633560689219e-02 3.690765613475686102e-01 -1.281119784861253774e-02 -1.202875205608943537e-01 -8.560480532698887257e-03 4.275984008281730198e-02 5.623381367306636847e-01 2.955178581607146304e-01 4.773365076082233815e-01
-3.986876097551425580e-03 -4.703016276814590835e-02 -7.586545621898945768e-01 6.745780139758292271e-02 3.590498940223432189e-01 -1.235550296894059527e-02 -1.306068911720435488e-01 -3.034096644627235287e-03 6.369876520670519904e-02 5.731126090723950295e-01 2.945946915047713555e-01 4.968386828079290884e-01
1.746452195122117496e-02 -4.550606244060049349e-02 -7.506664197936665506e-01 7.155212423412635192e-02 3.672324246679945503e-01 -1.103912482745295770e-02 -1.265098671788933149e-01 -5.945157004150782541e-03 4.986853125910305912e-02 5.769173115060316492e-01 3.019584203405046852e-01 4.914694757520924329e-01
4.083360275128088135e-03 -5.286823716635372095e-02 -7.601545777139417925e-01 6.536013890887720779e-02 3.607804011954583445e-01 -1.751553894463011435e-02 -1.315824202246592967e-01 -1.006426502844232768e-02 5.203141287658227809e-02 5.892485744717907981e-01 2.915435399879296452e-01 5.034574327632759250e-01
8.990986768672076801e-03 -4.021663013950799864e-02 -7.638120305608719907e-01 8.277383936467516690e-02 3.721546085613288701e-01 -1.422610069521858256e-02 -1.279899615508762467e-01 -8.461369761592982958e-03 3.391693971458150519e-02 5.810366253920768997e-01 2.923469955581360358e-01 4.970637560440780423e-01
7.261834559724913984e-03 -4.885618225044784796e-02 -7.708984178424329592e-01 7.483086479249376199e-02 3.770071559085709234e-01 -1.126354942863816780e-02 -1.196897563091787464e-01 -1.008427811041633267e-02 4.332617759365854637e-02 5.812069237704361457e-01 2.924242911103967502e-01 5.004343793848028410e-01
1.165826702774930279e-03 -5.499807047065433802e-02 -7.729975670991736658e-01 6.510669847291561396e-02 3.730848180187078533e-01 -1.112384025478248099e-02 -1.326738806818569261e-01 -2.074626502582851625e-03 5.896259748126222999e-02 5.948326897039707406e-01 2.964162890859229904e-01 5.119500465796900102e-01
1.206050382628785084e-02 -4.919439412165529241e-02 -7.784451108069253555e-01 7.771180841162204922e-02 3.780291940964857766e-01 -1.335373582888457061e-02 -1.367329027061390812e-01 -4.995838688368786293e-03 4.102784932891077180e-02 6.007137375073757779e-01 3.071952708474454674e-01 5.138613370511189160e-01
1.176232697931843540e-02 -4.832761520739425887e-02 -7.915792256813677374e-01 7.730832625046483997e-02 3.758902836113462986e-01 -1.819829640583046221e-02 -1.272219346674542673e-01 -9.774560068562893056e-03 3.644308560336936842e-02 6.000266535671963108e-01 2.964808463030674246e-01 5.152665726212324326e-01
7.360306853113070258e-03 -4.236967537892213920e-02 -7.862058510705065562e-01 8.028455271388068581e-02 3.904497543137063209e-01 -1.256915382212455898e-02 -1.365259374194735253e-01 -5.036724775604093339e-03 4.671133649347878475e-02 5.938631741091737748e-01 2.875105704857097155e-01 5.113979470055771692e-01
1.228385104942378986e-02 -5.185364419390331436e-02 -8.112020272097517637e-01 7.504651114639973586e-02 3.884608869420114186e-01 -1.696664838018828794e-02 -1.384823233210171201e-01 -5.586368515147766001e-03 4.762047551514964061e-02 5.957061711574189733e-01 3.406527640461358697e-01 5.067530828643117546e-01
3.949162759005572787e-03 -4.520916762954201723e-02 -8.176480751191896879e-01 8.582999898238238834e-02 3.797779900908289652e-01 -1.427104213013310335e-02 -1.437423408140149350e-01 -5.099280713315272606e-03 7.575678680567060619e-02 6.086258094093719428e-01 3.102508537894169693e-01 5.220907685035566237e-01
2.432039185702289386e-02 -4.591478427460864847e-02 -8.132608928668605408e-01 8.852204391539818251e-02 3.922776251366742462e-01 -1.722766364224254457e-02 -1.522346754678589598e-01 -5.459779542267194363e-03 4.679863766164096134e-02 6.080398567632638862e-01 3.331046548128141493e-01 5.200210939838783020e-01
1.421476114689075587e-02 -4.826965829631996163e-02 -8.394587599627788554e-01 9.354008621489089126e-02 3.811601903982076989e-01 -1.974648498189775572e-02 -1.453082620045308970e-01 -6.459735096545264274e-03 5.106159452543694577e-02 6.029593593414748209e-01 3.266639149382090102e-01 5.182878130598784772e-01
1.944365478580363515e-02 -3.818888985771098227e-02 -8.241915474335855807e-01 9.850241039775389784e-02 3.909763040854301597e-01 -6.996069115721354967e-03 -1.562723449193935132e-01 6.292772224570975827e-03 5.506103198036563229e-02 5.970823050776478125e-01 3.106172960299434793e-01 5.131367113258267221e-01
3.551820586019749371e-02 -4.959052106654378983e-02 -8.324118781715862392e-01 8.615681970812164026e-02 3.929436503980224815e-01 -1.330077757679374792e-02 -1.559128178214408411e-01 3.872890444636505926e-03 3.450263742707519732e-02 6.018684675365295611e-01 3.456863091214959494e-01 5.129413810170897481e-01
1.913250056223030071e-02 -4.650132727646359015e-02 -8.436858470245408581e-01 9.112656248017467209e-02 3.808100175430612078e-01 -1.581234071797814680e-02 -1.553101394458474283e-01 4.637313779344183484e-04 4.950804010878458172e-02 6.075154667583064771e-01 3.110658232989497729e-01 5.181218358935353319e-01
3.374403384190979849e-02 -3.379570758718562079e-02 -8.280252295033363463e-01 1.058670948628455816e-01 4.040131209135593982e-01 -5.380540516797295558e-03 -1.622202861920372385e-01 4.482157145097961058e-03 2.725411303569647697e-02 5.970388601905448622e-01 3.233177138826257568e-01 5.081714869894542463e-01
3.279784893027637427e-02 -5.817316656468712183e-02 -8.545726917611315976e-01 8.778163283376524961e-02 3.868528242002077233e-01 -2.390023814776101596e-02 -1.442184787874566942e-01 2.643833046435811740e-04 2.982828768892727134e-02 6.033631717129919192e-01 3.408909182548550687e-01 5.160991866644322190e-01
-6.452987101558255167e-04 -2.417510924727066246e-02 -8.385356330889355281e-01 1.054212388564073205e-01 3.870565836424234019e-01 -5.785998303368677931e-04 -1.682099634229783369e-01 4.660557086763066417e-03 6.210757503822806475e-02 6.022449692433047286e-01 2.915593200280799380e-01 5.121139109798602540e-01
7.463015191987051877e-02 -4.963717460179372515e-02 -8.203098750098085645e-01 9.298936544787983483e-02 4.225393298572334144e-01 -1.420808354066652179e-02 -1.427742496681981832e-01 -1.756958625362171206e-03 3.878007628907824411e-03 5.951294189873089779e-01 3.659535139503432566e-01 5.120096558453759439e-01
-2.339094502262233088e-02 -7.027738054041660076e-02 -8.872403955130273578e-01 7.464336862549093843e-02 3.379183497886268372e-01 -3.064352400998976433e-02 -1.588027677855746722e-01 -9.039558267423374732e-03 9.328674660095627458e-02 6.117243802123993879e-01 3.094730344577362735e-01 5.389490911845798982e-01
7.635903805269193823e-02 1.838741573062420420e-02 -7.788882942689649980e-01 1.546587098547662908e-01 4.116308550490970219e-01 1.787522537219473143e-02 -1.945535495479270571e-01 2.552626833229946351e-02 3.127415398259004997e-02 5.789822378402589287e-01 3.039760420796475127e-01 4.822102986613189812e-01
7.263365804991345209e-02 -9.869393276329690989e-02 -8.661724131931854975e-01 6.984719483999055067e-02 3.587518783429125557e-01 -1.142697571105727727e-01 -1.495700431999113234e-01 -2.764322219731437519e-02 -3.349788909308239887e-02 5.760746605606815729e-01 3.948102115793106770e-01 5.037730492225258594e-01
-8.682235382835645776e-02 5.787848841394641064e-02 -9.012793860516995492e-01 2.696310971183922822e-01 3.309218039472121009e-01 7.821322613433691340e-03 -1.820615597707465338e-01 3.704284742012897702e-02 1.562753771532578440e-01 4.678128040046243830e-01 2.618650611847542775e-01 3.667045921612287485e-01
1.366328989042427666e-01 -1.378667777033783237e-02 -7.533604207068707037e-01 1.273785986560140582e-01 4.230338066477258296e-01 -1.586797192075753773e-03 -1.610890073285341784e-01 3.209541322820256420e-02 3.958754721085615269e-02 4.994320213721080703e-01 4.484084223448006057e-01 4.090714348253595700e-01
-4.727960686136616075e-02 -7.911577629194893602e-02 -8.784088274636576710e-01 5.972251579946614986e-02 2.817814946828813838e-01 -4.919908964003818358e-02 -1.771488450563986627e-01 -3.453724077875707649e-02 1.729263446282860439e-01 5.880523277801861237e-01 3.666629999496544556e-01 4.994731016537187762e-01
7.925095625976447122e-02 3.221314260093544046e-02 -7.560459008802223879e-01 1.711137650987159531e-01 3.666017335965143231e-01 8.800986527223664257e-03 -1.780370932028924047e-01 2.539654516527414113e-02 5.987335074948697128e-02 5.229070866980710663e-01 3.023472525194282889e-01 4.454076951036905485e-01
6.522959056766475250e-02 -5.978390225027594568e-02 -7.974768549033960374e-01 7.193888642702175873e-02 3.526939690625631729e-01 -2.992206069723140488e-02 -1.635609026108821584e-01 -2.428894985792049918e-02 1.419864525799439947e-02 5.475265570941442173e-01 3.606175788235726487e-01 4.535927018607479599e-01
2.049069580579502420e-02 -1.937724648429188512e-02 -8.146685591015397909e-01 1.251994203514606163e-01 3.319697659314463367e-01 -1.565291319149241314e-02 -1.682174146769902512e-01 3.210144096582942877e-03 5.470893918598579431e-02 5.252538416411154376e-01 2.732941748445990582e-01 4.515732566807003079e-01
7.328913745338973273e-02 -8.655903582124147011e-03 -7.795046322817538176e-01 1.404984474789633397e-01 3.744088956747820829e-01 -1.015906311957218665e-02 -1.743218453502252407e-01 2.434664574342645937e-02 1.678622365090719215e-03 5.010024750828321327e-01 3.199797568276576132e-01 4.200480442787644098e-01
3.318722334113571870e-02 -4.049571418496730746e-02 -8.314868110665605272e-01 1.156378410783727440e-01 3.433802156089160729e-01 -2.960846289056762518e-02 -1.657288530158277928e-01 1.651270811002475067e-03 4.192513940291166252e-02 5.085056575186712724e-01 3.358566396308124702e-01 4.176330581273040021e-01
3.507686219305947151e-02 3.528974129864664855e-03 -8.110192287728426042e-01 1.544954619812841379e-01 3.535348914789374630e-01 2.626441420594765805e-03 -1.820895205013577378e-01 2.493595579223312902e-02 7.099853610888319511e-02 5.027656565253970644e-01 3.163488690708949891e-01 4.120594440201024167e-01
7.706291458401261230e-02 -4.148751502641974398e-02 -8.054528194431316290e-01 1.153649570544429126e-01 3.659374480857150447e-01 -2.883110099165695633e-02 -1.738670544119229333e-01 2.465299459090164111e-03 2.956642262518526659e-02 5.241923406786408446e-01 3.582604800037608728e-01 4.368774445103067450e-01
7.871787260830750976e-03 -1.845426973760878886e-02 -8.556861795329855358e-01 1.466585184569082767e-01 3.302188041306310384e-01 -1.975229334681097293e-02 -1.861082598997436943e-01 1.365229266535534364e-02 7.322225038233523553e-02 5.170887814160159968e-01 3.289892595703723943e-01 4.311691649507819468e-01
8.073406565974050597e-02 7.247363858212257925e-04 -7.975178173576806806e-01 1.558807923820683394e-01 3.786704077961159376e-01 -1.416671890447704710e-03 -1.743429699617096151e-01 2.661534302713393016e-02 3.206732216908073779e-02 5.047604396345563016e-01 3.312998084630173756e-01 4.157333067872959198e-01
3.623682444943114589e-02 -4.371553299187121155e-02 -8.385833449406598916e-01 9.719582785067645836e-02 3.462027266724929664e-01 -2.062948885367390378e-02 -1.773778785974007843e-01 -6.339563883671202500e-03 5.310581548539269892e-02 5.392875757587425323e-01 3.540605929502726457e-01 4.416064058345602894e-01
5.412730993580236460e-02 -4.659741240530201889e-03 -8.137253369931733982e-01 1.373181478566462832e-01 3.678496841885591229e-01 -7.707403136160109053e-03 -1.784131256852760083e-01 1.132593234044500588e-02 4.635611114673868216e-02 5.311920928785522911e-01 3.081198507869598036e-01 4.492810341036886923e-01
5.701676716008934054e-02 -4.391249858897348923e-02 -8.361418613887329210e-01 1.191798739488427877e-01 3.703163250084359759e-01 -3.181738577420403780e-02 -1.730606090402268815e-01 4.033626258527793149e-03 2.505637461278909656e-02 5.296331042986521798e-01 3.579647461672309516e-01 4.431161414440860646e-01
7.782697809737462724e-03 -8.751074173469472472e-03 -8.591221159904631755e-01 1.545587902452305318e-01 3.481878140044989411e-01 -6.759606708227481470e-03 -1.844709196120122852e-01 2.572774899445579716e-02 7.659798660189959252e-02 5.230937334919874004e-01 3.333654732523472219e-01 4.333362952780326349e-01
8.008693322461786501e-02 -1.494230659629089408e-02 -8.024233234524764669e-01 1.289294360946854345e-01 3.847782284293482236e-01 -8.827311483912275714e-04 -1.653914492628101862e-01 1.352597652661459426e-02 3.232905922061063420e-02 5.382872060106328460e-01 3.482979545844340219e-01 4.415966472327345071e-01
2.566834277703668177e-02 -5.484347521345202953e-02 -8.342655453510959829e-01 8.418653991768001998e-02 3.525393390553133166e-01 -2.283515151955542097e-02 -1.674219598248149199e-01 -1.438357605224798406e-02 5.411053093321656349e-02 5.690393103808876196e-01 3.266918107656271442e-01 4.831783537505133230e-01
4.245132877063075016e-02 -1.168453746240243063e-02 -8.141993435735392914e-01 1.274840596984299912e-01 3.718705740034730090e-01 -1.028331536145205005e-03 -1.698480935222504429e-01 1.615094714291239603e-02 3.047788253738605707e-02 5.460511374205838653e-01 3.108655517463279061e-01 4.645662925835111201e-01
5.630901902292091699e-02 -4.407752537924530811e-02 -8.120479943556282443e-01 9.580178219899004866e-02 3.798369202430157965e-01 -1.201160445907721239e-02 -1.552867357246052182e-01 1.378581820288386078e-03 1.438722595278836558e-02 5.560866480721728955e-01 3.241428346902109903e-01 4.669408967552149958e-01
1.877816352314946868e-02 -3.863212516988074469e-02 -8.278380722354128363e-01 1.004009511423793743e-01 3.639559852869591605e-01 -5.031677460179614925e-03 -1.660016465619499060e-01 7.400224797329841425e-03 4.199399857731014873e-02 5.621410014031893443e-01 3.063984332045797676e-01 4.781533591456629262e-01
5.835357727051396215e-02 -3.012966982909257713e-02 -8.036592966237631197e-01 1.049969756243983865e-01 3.847141353864050317e-01 -2.491777763083321065e-03 -1.578341775625551613e-01 1.391060091928832815e-02 8.781223384353730593e-03 5.625769332871193296e-01 3.147915911902520736e-01 4.763020757716244225e-01
3.116331590837598253e-02 -5.246104736204428021e-02 -8.215612825962400612e-01 8.696980335147069807e-02 3.738861815157465962e-01 -1.457052928231687694e-02 -1.556806527216722802e-01 -2.692913674232404186e-03 2.127915419700419225e-02 5.735488134084778533e-01 3.023855021620444061e-01 4.879018776930419410e-01
3.100007066678216183e-02 -2.991093926112230184e-02 -8.182418528553634385e-01 1.093559866697343397e-01 3.799716038512505611e-01 -2.349170594523778549e-03 -1.601107863182258395e-01 1.672719760009847706e-02 2.008708817290263959e-02 5.634928471126737781e-01 3.092701034936938265e-01 4.773330091971820233e-01
4.266924819270030700e-02 -4.638407780890713150e-02 -8.136276513137373767e-01 9.574454609169462393e-02 3.849519772465190837e-01 -9.441091897336228306e-03 -1.470829557443831259e-01 4.749873584584071197e-03 1.643685441416797149e-02 5.719246175223843265e-01 3.094984332604617250e-01 4.876269993911224732e-01
1.792258316534442453e-02 -4.404163813189948540e-02 -8.183571864273420093e-01 9.242226058274997935e-02 3.736337730450151606e-01 -6.465281830988248504e-03 -1.583464746379124044e-01 9.142184116565723467e-03 3.631225109158472270e-02 5.800979480813901468e-01 3.056745491111795276e-01 4.928584676320264535e-01
4.220950097302567094e-02 -3.654511771824679733e-02 -8.042490569331757211e-01 9.708824530933836405e-02 3.854329415669552894e-01 -1.036906348275119100e-02 -1.483761953145426582e-01 6.865121834449110574e-03 1.206821132185001422e-02 5.790383668814180762e-01 3.109190570339985249e-01 4.934456352183993477e-01
1.876113149073127540e-02 -4.673329216515084705e-02 -8.128989898980697459e-01 8.811571151760917708e-02 3.798179423468279747e-01 -1.569632695041835516e-02 -1.434442433892380298e-01 -2.476725163586485437e-03 3.060319473974804777e-02 5.804538952063755808e-01 3.010382927359822047e-01 4.940812039624223329e-01
1.741297202015239243e-02 -3.939147751247622231e-02 -8.082390396696275126e-01 9.732298603845856988e-02 3.825563514305262980e-01 -6.993000705712418275e-03 -1.457405804725961096e-01 6.882928202951409113e-03 4.099794255204398247e-02 5.758485618730910804e-01 3.149426326442640311e-01 4.916032680513284792e-01
2.023042248839901358e-02 -4.561998341314357081e-02 -8.010302710764394263e-01 8.311681376604758420e-02 3.768648612619366345e-01 -1.453182349447001975e-02 -1.431827471235184446e-01 4.253897039918512479e-03 4.352378995571318937e-02 5.907047479955482849e-01 3.179250616164835397e-01 5.044755348922388416e-01
1.366445567245219705e-02 -4.074699950715830049e-02 -7.961074803447750758e-01 8.584349099261395777e-02 3.782563661212381412e-01 -1.386653999079268118e-02 -1.376995569020590116e-01 -6.249045570864457215e-03 4.472514049296934247e-02 5.925605768311599242e-01 3.049501225669931093e-01 5.036753657300226950e-01
1.478620313296975797e-02 -4.473400928826746364e-02 -7.907999698497900631e-01 7.832238649070553949e-02 3.831710541447770901e-01 -1.250798040928010821e-02 -1.330148526727412128e-01 -8.896836813850422798e-03 4.443573064437684322e-02 5.941773257391631535e-01 3.103247988090930276e-01 5.060189447233568449e-01
5.469965093729045602e-03 -4.941234737858306997e-02 -7.939648067603951587e-01 7.320857440858324905e-02 3.790618618564987052e-01 -1.579478752327500776e-02 -1.333735899015541515e-01 -9.751369479268606755e-03 5.247362609801543842e-02 6.020409323238535837e-01 3.068894385557827120e-01 5.182723451082053012e-01
8.572174000874177580e-03 -4.551455085100066661e-02 -7.917954234263111513e-01 7.929701177371488441e-02 3.837149236799214380e-01 -1.426701489416731458e-02 -1.333522823191399809e-01 -7.085521101610670405e-03 5.021808413086744499e-02 6.017664228057280074e-01 3.081981458689849185e-01 5.170644333249798663e-01
8.067529219356481263e-03 -5.097858784889115064e-02 -7.972178925682507078e-01 7.571963066453696323e-02 3.818177953598249630e-01 -1.498910738013275318e-02 -1.324674787413411825e-01 -1.005445152727553818e-02 5.322703011276370272e-02 6.055495469673474185e-01 3.116788029538609672e-01 5.196476111160538425e-01
8.333009380093459040e-03 -4.805061366574289727e-02 -7.961080023015738583e-01 7.801321693489420006e-02 3.815323234278737430e-01 -1.434021712871559953e-02 -1.388802156522283837e-01 -7.903181651663752916e-03 5.350648516180930847e-02 6.090323457291437759e-01 3.062295778895909315e-01 5.241122890989122762e-01
1.576805720561616497e-02 -4.707723126884625492e-02 -8.014399793282619422e-01 8.022722369403680054e-02 3.839453433365256352e-01 -1.888407045650368488e-02 -1.371965715226699800e-01 -9.288797049679073034e-03 3.934862487293164929e-02 6.048545863924614796e-01 3.130737308048325840e-01 5.196520862017793840e-01
9.096351966285838586e-03 -4.418652390611436942e-02 -8.094355323189739160e-01 8.428328249952052320e-02 3.853307487133503240e-01 -1.577219237069456270e-02 -1.372348852632181704e-01 -6.847151936613439689e-03 5.055533007696264708e-02 5.969523019671446606e-01 3.038813477600170176e-01 5.133833423521030337e-01
1.451609485460120252e-02 -4.711432185348682355e-02 -8.118799675470700361e-01 8.272841001777131442e-02 3.913686446626933879e-01 -1.040973992496476569e-02 -1.471230743638547445e-01 -1.317941467938253675e-03 5.514756625529170647e-02 5.966094981783421902e-01 3.246023075500285016e-01 5.097474326816501256e-01
1.933342692270982599e-02 -5.365369259303508220e-02 -8.270928113691669026e-01 8.462686064817892539e-02 3.831974242067008873e-01 -1.601409236571764774e-02 -1.489137722769837691e-01 1.463176616542744002e-03 5.579563709990927045e-02 6.066951368689863511e-01 3.332222082667118390e-01 5.212529700757214668e-01
1.842558395208684918e-02 -4.617933527903558821e-02 -8.283755057661672527e-01 9.836730419026540329e-02 3.809043273022105769e-01 -1.079554444489820748e-02 -1.565043595433539547e-01 -2.517959351700013032e-04 5.125620875086938505e-02 6.088302302533046273e-01 3.114560655012677537e-01 5.200252390314916706e-01
3.770698969849781146e-02 -4.007362620318638546e-02 -8.207650203570910907e-01 9.853151626473002911e-02 3.922973500136486269e-01 -1.058279671707277117e-02 -1.567708147661477369e-01 1.443874528876266938e-03 1.714024491293214547e-02 6.004127065972314492e-01 3.204925876617477076e-01 5.175211122171440303e-01
3.411263765400693315e-02 -5.648611817122029671e-02 -8.360402759064271550e-01 9.543186901821895662e-02 3.807029631361102395e-01 -2.369830578307582925e-02 -1.425862569086684961e-01 5.345330462278256173e-04 2.425712712825086811e-02 5.883210406030394690e-01 3.068973145171194905e-01 5.130010460246872128e-01
8.035182328660364637e-03 -3.348912712237950284e-02 -8.252587323228313121e-01 1.162808998771628910e-01 3.734589638525687705e-01 -1.726934859024325045e-03 -1.759103115742961798e-01 1.625186853671991075e-02 4.679829588017519332e-02 5.756079326015297593e-01 3.038190608977769935e-01 4.862527873744726947e-01
6.853162422837971723e-02 -3.981062285009551172e-02 -8.065062841573829022e-01 1.139798553386098812e-01 3.836373417386495510e-01 -1.396900851395935922e-02 -1.465995786095831144e-01 1.020923252698757028e-02 -9.108329666465610208e-03 5.602171467867967936e-01 3.435049157117437413e-01 4.920360000302950176e-01
1.664910484878710795e-02 -5.898256019287009821e-02 -8.198470316717311190e-01 9.539419031892064360e-02 3.236913877440004694e-01 -1.594087467771530472e-02 -1.442651459438434036e-01 1.072551255510368652e-03 6.119246394782951876e-02 5.534858071393782275e-01 2.645373841930998005e-01 4.921781734062122826e-01
6.937356365667979308e-02 -1.849702319051715893e-02 -7.211333006572046012e-01 1.368767035155578071e-01 3.521546606310462235e-01 1.575006095795925334e-02 -2.092955633032116958e-01 2.182871102933168009e-02 6.719035353078047640e-03 5.236325635419152302e-01 2.795900159118985817e-01 4.493373629953956172e-01
1.075888069926594359e-01 -4.420004409890933988e-02 -7.818308769314583628e-01 1.022941989609204710e-01 2.659765235581651455e-01 -6.232878657648681375e-02 -1.381771401082925177e-01 -1.223979529159563429e-02 -1.014431888773024287e-01 4.874285659909184942e-01 3.330521893816380530e-01 4.252811391365335369e-01
2.980286739381415861e-02 5.364599563114309799e-02 -6.719097118665297019e-01 1.779401062503745967e-01 3.033496363466239298e-01 -1.021170406478782468e-02 -1.588893402850688752e-01 1.382936575288006703e-02 1.646014686306494779e-02 3.508310771338230549e-01 4.297831126293272241e-02 3.487825932398374018e-01
